2 0.0314273 
2.06533 0.0325667 
2.13065 0.033468 
2.19598 0.0341303 
2.26131 0.0345576 
2.32663 0.0347581 
2.39196 0.0347443 
2.45729 0.0345318 
2.52261 0.0341389 
2.58794 0.0335861 
2.65327 0.0328954 
2.71859 0.03209 
2.78392 0.0311933 
2.84925 0.030229 
2.91457 0.0292202 
2.9799 0.0281894 
3.04523 0.0271581 
3.11055 0.0261464 
3.17588 0.0251735 
3.24121 0.0242567 
3.30653 0.0234124 
3.37186 0.0226557 
3.43719 0.022001 
3.50251 0.0214618 
3.56784 0.0210516 
3.63317 0.0207845 
3.69849 0.0206751 
3.76382 0.0207401 
3.82915 0.0209983 
3.89447 0.0214717 
3.9598 0.0221865 
4.02513 0.0231739 
4.09045 0.0244704 
4.15578 0.026119 
4.22111 0.0281691 
4.28643 0.0306763 
4.35176 0.0337014 
4.41709 0.0373079 
4.48241 0.0415583 
4.54774 0.0465079 
4.61307 0.0521962 
4.67839 0.0586353 
4.74372 0.0657945 
4.80905 0.0735818 
4.87437 0.0818231 
4.9397 0.0902391 
5.00502 0.0984238 
5.07035 0.105826 
5.13568 0.111737 
5.201 0.115297 
5.26633 0.115518 
5.33166 0.111356 
5.39699 0.10186 
5.46231 0.086468 
5.52764 0.0655494 
5.59296 0.0412706 
5.65829 0.0186551 
5.72362 0.00602431 
5.78894 0.0130632 
5.85427 0.0452775 
5.9196 0.0977624 
5.98492 0.154754 
6.05025 0.195987 
6.11558 0.20299 
6.1809 0.162378 
6.24623 0.0777508 
6.31156 0.00995462 
6.37688 0.0675461 
6.44221 0.212559 
6.50754 0.288812 
6.57286 0.206224 
6.63819 0.0196794 
6.70352 0.180638 
6.76884 0.369787 
6.83417 0.159703 
6.8995 0.190673 
6.96482 0.433585 
7.03015 0.0565376 
7.09548 0.501789 
7.1608 0.405375 
7.22613 0.057982 
7.29146 0.0689877 
7.35678 0.689082 
7.42211 0.807737 
7.48744 0.986833 
7.55276 0.993286 
7.61809 0.99445 
7.68342 0.994923 
7.74874 0.995151 
7.81407 0.995259 
7.8794 0.995299 
7.94472 0.995296 
8.01005 0.995264 
8.07538 0.995209 
8.1407 0.995138 
8.20603 0.995052 
8.27136 0.994955 
8.33668 0.994848 
8.40201 0.994731 
8.46734 0.994605 
8.53266 0.99447 
8.59799 0.994326 
8.66332 0.994173 
8.72864 0.994011 
8.79397 0.99384 
8.8593 0.993657 
8.92462 0.993464 
8.98995 0.993258 
9.05528 0.993039 
9.1206 0.992806 
9.18593 0.992555 
9.25126 0.992287 
9.31658 0.991997 
9.38191 0.991683 
9.44724 0.991341 
9.51256 0.990967 
9.57789 0.990554 
9.64322 0.990095 
9.70854 0.989581 
9.77387 0.988998 
9.8392 0.988328 
9.90452 0.987547 
9.96985 0.986618 
10.0352 0.985483 
10.1005 0.984052 
10.1658 0.98216 
10.2312 0.979482 
10.2965 0.975232 
10.3618 0.96676 
10.4271 0.929667 
10.4925 0.616293 
10.5578 0.492152 
10.6231 0.286835 
10.6884 0.220453 
10.7538 0.296418 
10.8191 0.349494 
10.8844 0.126164 
10.9497 0.30652 
11.0151 0.160381 
11.0804 0.142378 
11.1457 0.266902 
11.2111 0.144033 
11.2764 0.0534031 
11.3417 0.159675 
11.407 0.215075 
11.4724 0.161399 
11.5377 0.0668425 
11.603 0.0306829 
11.6683 0.0719353 
11.7337 0.12848 
11.799 0.157522 
11.8643 0.152335 
11.9296 0.122006 
11.995 0.080901 
12.0603 0.0437877 
12.1256 0.021093 
12.191 0.015732 
12.2563 0.0240948 
12.3216 0.0398619 
12.3869 0.0573317 
12.4523 0.0727828 
12.5176 0.0844022 
12.5829 0.0917058 
12.6482 0.0949739 
12.7136 0.0948527 
12.7789 0.0921106 
12.8442 0.0875022 
12.9095 0.0816982 
12.9749 0.0752556 
13.0402 0.0686106 
13.1055 0.0620851 
13.1709 0.055901 
13.2362 0.0501978 
13.3015 0.0450498 
13.3668 0.0404836 
13.4322 0.0364922 
13.4975 0.0330469 
13.5628 0.0301065 
13.6281 0.0276239 
13.6935 0.025551 
13.7588 0.0238415 
13.8241 0.0224531 
13.8894 0.021348 
13.9548 0.0204933 
14.0201 0.0198609 
14.0854 0.019427 
14.1508 0.0191716 
14.2161 0.0190778 
14.2814 0.0191311 
14.3467 0.0193189 
14.4121 0.0196298 
14.4774 0.020053 
14.5427 0.0205779 
14.608 0.0211938 
14.6734 0.0218891 
14.7387 0.0226516 
14.804 0.0234678 
14.8693 0.024323 
14.9347 0.0252012 
15 0.0260853 
