-2.85934 0.0165787 
-2.84503 0.0206644 
-2.83073 0.024669 
-2.81642 0.0282876 
-2.80212 0.0312479 
-2.78781 0.0333291 
-2.77351 0.0343763 
-2.75921 0.0343095 
-2.7449 0.0331289 
-2.7306 0.0309159 
-2.71629 0.0278297 
-2.70199 0.0240994 
-2.68768 0.0200112 
-2.67338 0.0158898 
-2.65908 0.0120753 
-2.64477 0.00889517 
-2.63047 0.00663502 
-2.61616 0.00551041 
-2.60186 0.00564382 
-2.58755 0.00705035 
-2.57325 0.00963467 
-2.55895 0.0131996 
-2.54464 0.0174655 
-2.53034 0.0220966 
-2.51603 0.0267319 
-2.50173 0.0310148 
-2.48742 0.0346211 
-2.47312 0.0372811 
-2.45881 0.0387971 
-2.44451 0.0390544 
-2.43021 0.038029 
-2.4159 0.0357892 
-2.4016 0.0324938 
-2.38729 0.0283852 
-2.37299 0.0237767 
-2.35868 0.0190336 
-2.34438 0.014548 
-2.33008 0.0107074 
-2.31577 0.00786002 
-2.30147 0.00627982 
-2.28716 0.00613686 
-2.27286 0.00747691 
-2.25855 0.0102144 
-2.24425 0.0141403 
-2.22994 0.0189428 
-2.21564 0.024239 
-2.20134 0.0296106 
-2.18703 0.0346403 
-2.17273 0.0389446 
-2.15842 0.0422008 
-2.14412 0.0441667 
-2.12981 0.0446946 
-2.11551 0.0437397 
-2.10121 0.0413632 
-2.0869 0.0377311 
-2.0726 0.0331085 
-2.05829 0.0278465 
-2.04399 0.0223631 
-2.02968 0.0171146 
-2.01538 0.0125603 
-2.00107 0.00912008 
-1.98677 0.00713229 
-1.97247 0.00681488 
-1.95816 0.00823854 
-1.94386 0.0113159 
-1.92955 0.0158094 
-1.91525 0.0213563 
-1.90094 0.027507 
-1.88664 0.0337687 
-1.87234 0.0396499 
-1.85803 0.0446996 
-1.84373 0.0485381 
-1.82942 0.0508802 
-1.81512 0.0515504 
-1.80081 0.0504918 
-1.78651 0.0477702 
-1.77221 0.0435738 
-1.7579 0.038207 
-1.7436 0.032078 
-1.72929 0.0256776 
-1.71499 0.0195466 
-1.70068 0.0142333 
-1.68638 0.0102425 
-1.67207 0.00798123 
-1.65777 0.0077101 
-1.64347 0.00950886 
-1.62916 0.013263 
-1.61486 0.0186748 
-1.60055 0.0252973 
-1.58625 0.0325826 
-1.57194 0.0399387 
-1.55764 0.046783 
-1.54334 0.0525884 
-1.52903 0.0569188 
-1.51473 0.0594532 
-1.50042 0.060001 
-1.48612 0.0585115 
-1.47181 0.0550772 
-1.45751 0.0499339 
-1.4432 0.0434552 
-1.4289 0.0361389 
-1.4146 0.0285821 
-1.40029 0.0214419 
-1.38599 0.0153816 
-1.37168 0.0110051 
-1.35738 0.00878677 
-1.34307 0.00900987 
-1.32877 0.011725 
-1.31447 0.0167386 
-1.30016 0.0236349 
-1.28586 0.0318263 
-1.27155 0.0406207 
-1.25725 0.0492944 
-1.24294 0.0571575 
-1.22864 0.0636058 
-1.21433 0.0681578 
-1.20003 0.0704773 
-1.18573 0.070387 
-1.17142 0.067876 
-1.15712 0.0631031 
-1.14281 0.0563977 
-1.12851 0.0482534 
-1.1142 0.0393128 
-1.0999 0.0303346 
-1.0856 0.0221411 
-1.07129 0.0155439 
-1.05699 0.0112536 
-1.04268 0.00978715 
-1.02838 0.0113912 
-1.01407 0.0159996 
-0.99977 0.023237 
-0.985465 0.0324679 
-0.971161 0.0428788 
-0.956856 0.0535752 
-0.942552 0.0636736 
-0.928248 0.0723766 
-0.913943 0.0790247 
-0.899639 0.0831282 
-0.885335 0.0843833 
-0.87103 0.0826812 
-0.856726 0.0781136 
-0.842422 0.0709773 
-0.828117 0.0617764 
-0.813813 0.0512159 
-0.799508 0.0401786 
-0.785204 0.0296751 
-0.7709 0.0207598 
-0.756595 0.0144169 
-0.742291 0.0114284 
-0.727987 0.0122513 
-0.713682 0.0169354 
-0.699378 0.0251053 
-0.685074 0.0360137 
-0.670769 0.0486498 
-0.656465 0.0618757 
-0.64216 0.0745566 
-0.627856 0.0856654 
-0.613552 0.0943509 
-0.599247 0.0999751 
-0.584943 0.102128 
-0.570639 0.100634 
-0.556334 0.0955556 
-0.54203 0.0872038 
-0.527726 0.0761488 
-0.513421 0.0632264 
-0.499117 0.049525 
-0.484812 0.0363354 
-0.470508 0.0250485 
-0.456204 0.016997 
-0.441899 0.0132609 
-0.427595 0.0144767 
-0.413291 0.0207063 
-0.398986 0.0314106 
-0.384682 0.045537 
-0.370378 0.0616941 
-0.356073 0.0783584 
-0.341769 0.0940602 
-0.327464 0.107517 
-0.31316 0.117707 
-0.298856 0.123896 
-0.284551 0.125637 
-0.270247 0.122768 
-0.255943 0.115417 
-0.241638 0.104019 
-0.227334 0.0893482 
-0.21303 0.0725476 
-0.198725 0.0551223 
-0.184421 0.0388736 
-0.170116 0.0257336 
-0.155812 0.0175001 
-0.141508 0.0155107 
-0.127203 0.0203493 
-0.112899 0.0316903 
-0.0985947 0.0483478 
-0.0842903 0.0685116 
-0.0699859 0.0900814 
-0.0556816 0.110986 
-0.0413772 0.129412 
-0.0270728 0.14392 
-0.0127685 0.15347 
0.00153589 0.157401 
0.0158403 0.155401 
0.0301446 0.1475 
0.044449 0.134091 
0.0587533 0.116004 
0.0730577 0.0945843 
0.0873621 0.071757 
0.101666 0.0500007 
0.115971 0.0321468 
0.130275 0.0209629 
0.14458 0.0185703 
0.158884 0.0258796 
0.173188 0.04229 
0.187493 0.0658116 
0.201797 0.0935554 
0.216101 0.122363 
0.230406 0.149336 
0.24471 0.172133 
0.259014 0.189047 
0.273319 0.198948 
0.287623 0.201178 
0.301928 0.195481 
0.316232 0.181993 
0.330536 0.161332 
0.344841 0.134778 
0.359145 0.104501 
0.373449 0.0737392 
0.387754 0.0467268 
0.402058 0.0281522 
0.416362 0.022082 
0.430667 0.0306575 
0.444971 0.0532281 
0.459275 0.0864842 
0.47358 0.12553 
0.487884 0.165255 
0.502189 0.201338 
0.516493 0.230644 
0.530797 0.251148 
0.545102 0.26165 
0.559406 0.261492 
0.57371 0.250396 
0.588015 0.228495 
0.602319 0.196587 
0.616623 0.156657 
0.630928 0.11258 
0.645232 0.0706679 
0.659537 0.0393382 
0.673841 0.0271093 
0.688145 0.0391486 
0.70245 0.0744485 
0.716754 0.126049 
0.731058 0.184226 
0.745363 0.240069 
0.759667 0.287327 
0.773971 0.32242 
0.788276 0.343578 
0.80258 0.349916 
0.816885 0.340816 
0.831189 0.315715 
0.845493 0.274426 
0.859798 0.218237 
0.874102 0.152084 
0.888406 0.0873871 
0.902711 0.0428433 
0.917015 0.0381467 
0.931319 0.0808068 
0.945624 0.158878 
0.959928 0.249598 
0.974233 0.333379 
0.988537 0.399602 
1.00284 0.444601 
1.01715 0.467796 
1.03145 0.468923 
1.04575 0.446572 
1.06006 0.39777 
1.07436 0.319283 
1.08867 0.213509 
1.10297 0.103389 
1.11728 0.0463894 
1.13158 0.0984476 
1.14588 0.237726 
1.16019 0.389453 
1.17449 0.507461 
1.1888 0.583412 
1.2031 0.622198 
1.21741 0.627393 
1.23171 0.595527 
1.24602 0.511703 
1.26032 0.348992 
1.27462 0.128613 
1.28893 0.119304 
1.30323 0.41011 
1.31754 0.644992 
1.33184 0.759367 
1.34615 0.801412 
1.36045 0.786494 
1.37475 0.651423 
1.38906 0.202902 
1.40336 0.750546 
1.41767 0.921311 
1.43197 0.955885 
1.44628 0.966699 
1.46058 0.971037 
1.47489 0.973011 
1.48919 0.973937 
1.50349 0.974334 
1.5178 0.974432 
1.5321 0.974351 
1.54641 0.974156 
1.56071 0.973883 
1.57502 0.973558 
1.58932 0.973195 
1.60362 0.972805 
1.61793 0.972395 
1.63223 0.971969 
1.64654 0.971533 
1.66084 0.971087 
1.67515 0.970635 
1.68945 0.970179 
1.70376 0.969718 
1.71806 0.969254 
1.73236 0.968788 
1.74667 0.968321 
1.76097 0.967852 
1.77528 0.967382 
1.78958 0.966912 
1.80389 0.966441 
1.81819 0.96597 
1.83249 0.965498 
1.8468 0.965026 
1.8611 0.964554 
1.87541 0.964082 
1.88971 0.96361 
1.90402 0.963137 
1.91832 0.962665 
1.93262 0.962192 
1.94693 0.961719 
1.96123 0.961246 
1.97554 0.960772 
1.98984 0.960298 
2.00415 0.959824 
2.01845 0.959349 
2.03276 0.958874 
2.04706 0.958398 
2.06136 0.957921 
2.07567 0.957444 
2.08997 0.956966 
2.10428 0.956487 
2.11858 0.956007 
2.13289 0.955526 
2.14719 0.955044 
2.16149 0.954561 
2.1758 0.954077 
2.1901 0.953592 
2.20441 0.953105 
2.21871 0.952616 
2.23302 0.952126 
2.24732 0.951635 
2.26163 0.951142 
2.27593 0.950647 
2.29023 0.95015 
2.30454 0.949652 
2.31884 0.949151 
2.33315 0.948649 
2.34745 0.948144 
2.36176 0.947637 
2.37606 0.947128 
2.39036 0.946616 
2.40467 0.946102 
2.41897 0.945585 
2.43328 0.945066 
2.44758 0.944543 
2.46189 0.944018 
2.47619 0.943491 
2.4905 0.94296 
2.5048 0.942426 
2.5191 0.941888 
2.53341 0.941348 
2.54771 0.940804 
2.56202 0.940256 
2.57632 0.939705 
2.59063 0.93915 
2.60493 0.938591 
2.61923 0.938029 
2.63354 0.937462 
2.64784 0.936891 
2.66215 0.936315 
2.67645 0.935736 
2.69076 0.935151 
2.70506 0.934563 
2.71936 0.933969 
2.73367 0.93337 
2.74797 0.932766 
2.76228 0.932157 
2.77658 0.931543 
2.79089 0.930923 
2.80519 0.930297 
2.8195 0.929665 
2.8338 0.929028 
2.8481 0.928384 
2.86241 0.927734 
2.87671 0.927078 
2.89102 0.926414 
2.90532 0.925744 
2.91963 0.925067 
2.93393 0.924382 
2.94823 0.92369 
2.96254 0.92299 
2.97684 0.922282 
2.99115 0.921566 
3.00545 0.920842 
3.01976 0.920108 
3.03406 0.919366 
3.04837 0.918615 
3.06267 0.917854 
3.07697 0.917083 
3.09128 0.916303 
3.10558 0.915512 
3.11989 0.91471 
3.13419 0.913897 
3.1485 0.913073 
3.1628 0.912237 
3.1771 0.911389 
3.19141 0.910528 
3.20571 0.909654 
3.22002 0.908767 
3.23432 0.907867 
3.24863 0.906951 
3.26293 0.906022 
3.27723 0.905076 
3.29154 0.904115 
3.30584 0.903138 
3.32015 0.902144 
3.33445 0.901132 
3.34876 0.900101 
3.36306 0.899052 
3.37737 0.897983 
3.39167 0.896894 
3.40597 0.895783 
3.42028 0.894651 
3.43458 0.893495 
3.44889 0.892316 
3.46319 0.891112 
3.4775 0.889882 
3.4918 0.888625 
3.5061 0.88734 
3.52041 0.886025 
3.53471 0.88468 
3.54902 0.883302 
3.56332 0.881891 
3.57763 0.880445 
3.59193 0.878962 
3.60624 0.87744 
3.62054 0.875878 
3.63484 0.874273 
3.64915 0.872623 
3.66345 0.870926 
3.67776 0.869179 
3.69206 0.867379 
3.70637 0.865524 
3.72067 0.86361 
3.73497 0.861634 
3.74928 0.859591 
3.76358 0.857479 
3.77789 0.855292 
3.79219 0.853026 
3.8065 0.850676 
3.8208 0.848234 
3.83511 0.845697 
3.84941 0.843055 
3.86371 0.840302 
3.87802 0.837428 
3.89232 0.834426 
3.90663 0.831283 
3.92093 0.827989 
3.93524 0.82453 
3.94954 0.820892 
3.96384 0.817057 
3.97815 0.813008 
3.99245 0.808724 
4.00676 0.80418 
4.02106 0.799348 
4.03537 0.794199 
4.04967 0.788694 
4.06397 0.782793 
4.07828 0.776448 
4.09258 0.769603 
4.10689 0.762193 
4.12119 0.754143 
4.1355 0.745367 
4.1498 0.735764 
4.16411 0.725222 
4.17841 0.713614 
4.19271 0.700806 
4.20702 0.686662 
4.22132 0.671064 
4.23563 0.653937 
4.24993 0.635292 
4.26424 0.615274 
4.27854 0.594193 
4.29284 0.572508 
4.30715 0.550716 
4.32145 0.529171 
4.33576 0.507945 
4.35006 0.486879 
4.36437 0.46584 
4.37867 0.445031 
4.39298 0.425135 
4.40728 0.407157 
4.42158 0.392007 
4.43589 0.380013 
4.45019 0.370644 
4.4645 0.362634 
4.4788 0.354419 
4.49311 0.344657 
4.50741 0.332606 
4.52171 0.318283 
4.53602 0.302459 
4.55032 0.286494 
4.56463 0.272049 
4.57893 0.260674 
4.59324 0.253357 
4.60754 0.250197 
4.62185 0.250356 
4.63615 0.25231 
4.65045 0.254276 
4.66476 0.254632 
4.67906 0.252203 
4.69337 0.246391 
4.70767 0.237196 
4.72198 0.225178 
4.73628 0.211385 
4.75058 0.197222 
4.76489 0.184272 
4.77919 0.174024 
4.7935 0.167577 
4.8078 0.165381 
4.82211 0.167125 
4.83641 0.171822 
4.85071 0.178048 
4.86502 0.184254 
4.87932 0.189032 
4.89363 0.191308 
4.90793 0.190416 
4.92224 0.186127 
4.93654 0.178625 
4.95085 0.168473 
4.96515 0.156566 
4.97945 0.144054 
4.99376 0.132228 
5.00806 0.122355 
5.02237 0.115485 
5.03667 0.112256 
5.05098 0.112773 
5.06528 0.116587 
5.07958 0.122793 
5.09389 0.130209 
5.10819 0.137589 
5.1225 0.143794 
5.1368 0.147918 
5.15111 0.149353 
5.16541 0.147807 
5.17972 0.143302 
5.19402 0.13615 
5.20832 0.126929 
5.22263 0.116442 
5.23693 0.105656 
5.25124 0.0956156 
5.26554 0.087319 
5.27985 0.0815857 
5.29415 0.0789274 
5.30845 0.0794621 
5.32276 0.082896 
5.33706 0.088579 
5.35137 0.0956196 
5.36567 0.103025 
5.37998 0.109835 
5.39428 0.115223 
5.40859 0.118568 
5.42289 0.119478 
5.43719 0.117806 
5.4515 0.11364 
5.4658 0.107291 
5.48011 0.0992676 
5.49441 0.0902451 
5.50872 0.0810164 
5.52302 0.0724233 
5.53732 0.0652684 
5.55163 0.0602174 
5.56593 0.0577083 
5.58024 0.0578865 
5.59454 0.0605838 
5.60885 0.0653482 
5.62315 0.0715152 
5.63745 0.0783047 
5.65176 0.0849205 
5.66606 0.0906364 
5.68037 0.0948584 
5.69467 0.0971626 
5.70898 0.0973133 
5.72328 0.0952657 
5.73759 0.0911609 
5.75189 0.0853119 
5.76619 0.0781837 
5.7805 0.0703633 
5.7948 0.062516 
5.80911 0.055329 
5.82341 0.0494424 
5.83772 0.045376 
5.85202 0.0434643 
5.86632 0.0438114 
5.88063 0.0462782 
5.89493 0.0505042 
5.90924 0.0559595 
5.92354 0.062015 
5.93785 0.068017 
5.95215 0.0733549 
5.96646 0.0775125 
5.98076 0.0801034 
5.99506 0.0808896 
6.00937 0.0797891 
6.02367 0.0768742 
6.03798 0.072363 
6.05228 0.0666045 
6.06659 0.0600565 
6.08089 0.0532538 
6.09519 0.0467662 
6.1095 0.0411474 
6.1238 0.0368789 
6.13811 0.034316 
6.15241 0.0336446 
6.16672 0.0348594 
6.18102 0.0377649 
6.19532 0.0420036 
6.20963 0.047101 
6.22393 0.0525227 
6.23824 0.0577307 
6.25254 0.0622335 
6.26685 0.0656241 
6.28115 0.0676059 
6.29546 0.068007 
6.30976 0.0667858 
6.32406 0.0640289 
6.33837 0.0599435 
6.35267 0.0548434 
6.36698 0.0491288 
6.38128 0.0432581 
6.39559 0.0377116 
6.40989 0.0329501 
6.42419 0.0293692 
6.4385 0.0272575 
6.4528 0.0267642 
6.46711 0.0278818 
6.48141 0.0304487 
6.49572 0.0341696 
6.51002 0.0386514 
6.52433 0.043447 
6.53863 0.0481013 
6.55293 0.0521914 
6.56724 0.0553603 
6.58154 0.0573401 
6.59585 0.0579659 
6.61015 0.057183 
6.62446 0.0550464 
6.63876 0.0517156 
6.65306 0.0474436 
6.66737 0.0425599 
6.68167 0.0374484 
6.69598 0.0325176 
6.71028 0.0281671 
6.72459 0.0247509 
6.73889 0.0225416 
6.7532 0.0217024 
6.7675 0.0222693 
6.7818 0.0241475 
6.79611 0.0271241 
6.81041 0.030892 
6.82472 0.0350842 
6.83902 0.0393108 
6.85333 0.0431942 
6.86763 0.0464003 
6.88193 0.0486621 
6.89624 0.0497954 
6.91054 0.0497082 
6.92485 0.048404 
6.93915 0.045979 
6.95346 0.0426152 
6.96776 0.0385681 
6.98206 0.0341496 
6.99637 0.0297053 
7.01067 0.0255874 
7.02498 0.0221248 
7.03928 0.0195927 
7.05359 0.0181855 
7.06789 0.0179972 
7.0822 0.0190116 
7.0965 0.021105 
7.1108 0.0240606 
7.12511 0.0275919 
7.13941 0.0313719 
7.15372 0.0350641 
7.16802 0.0383515 
7.18233 0.0409605 
7.19663 0.0426799 
7.21093 0.0433729 
7.22524 0.0429843 
7.23954 0.0415416 
7.25385 0.039152 
7.26815 0.0359948 
7.28246 0.0323091 
7.29676 0.0283777 
7.31107 0.0245058 
7.32537 0.0209972 
7.33967 0.0181281 
7.35398 0.0161222 
7.36828 0.0151293 
7.38259 0.0152102 
7.39689 0.0163313 
7.4112 0.0183687 
7.4255 0.0211219 
7.4398 0.024334 
7.45411 0.0277174 
7.46841 0.0309795 
7.48272 0.0338469 
7.49702 0.036086 
7.51133 0.0375187 
7.52563 0.0380329 
7.53994 0.0375882 
7.55424 0.036217 
7.56854 0.0340212 
7.58285 0.0311652 
7.59715 0.0278646 
7.61146 0.0243709 
7.62576 0.0209534 
7.64007 0.0178775 
7.65437 0.0153824 
7.66867 0.0136603 
7.68298 0.0128379 
7.69728 0.0129643 
7.71159 0.0140074 
7.72589 0.0158567 
7.7402 0.0183355 
7.7545 0.0212187 
7.7688 0.0242534 
7.78311 0.0271821 
7.79741 0.029763 
7.81172 0.0317886 
7.82602 0.0330997 
7.84033 0.0335946 
7.85463 0.0332351 
7.86894 0.0320477 
7.88324 0.0301204 
7.89754 0.0275972 
7.91185 0.0246677 
7.92615 0.0215539 
7.94046 0.0184938 
7.95476 0.015723 
7.96907 0.0134551 
7.98337 0.0118633 
7.99767 0.0110644 
8.01198 0.0111085 
8.02628 0.011974 
8.04059 0.0135705 
8.05489 0.0157484 
8.0692 0.0183127 
8.0835 0.021042 
8.09781 0.023707 
8.11211 0.02609 
8.12641 0.0280008 
8.14072 0.02929 
8.15502 0.0298585 
8.16933 0.0296629 
8.18363 0.0287175 
8.19794 0.0270925 
8.21224 0.0249088 
8.22654 0.0223299 
8.24085 0.0195502 
8.25515 0.0167805 
8.26946 0.0142326 
8.28376 0.0121013 
8.29807 0.0105488 
8.31237 0.00968942 
8.32668 0.00958028 
8.34098 0.0102156 
8.35528 0.011528 
8.36959 0.0133951 
8.38389 0.0156516 
8.3982 0.0181039 
8.4125 0.0205478 
8.42681 0.0227844 
8.44111 0.0246361 
8.45541 0.0259584 
8.46972 0.02665 
8.48402 0.0266584 
8.49833 0.0259829 
8.51263 0.0246736 
8.52694 0.0228278 
8.54124 0.0205831 
8.55554 0.0181077 
8.56985 0.0155886 
