#F C333_12800keV100um
#S 1 File written by xplot on Mon Jan 16 12:49:28 2023
#N 2
#L    !S!4h-h!LB!N!3[arc sec]  s-polarized
0.64092 0.0269314 
0.64492 0.0216177 
0.64892 0.0165025 
0.65292 0.0117814 
0.656919 0.00764437 
0.660919 0.00426696 
0.664919 0.00180166 
0.668919 0.000369522 
0.672919 5.30909E-005 
0.676919 0.000891152 
0.680918 0.00287592 
0.684918 0.00595292 
0.688918 0.0100236 
0.692918 0.0149506 
0.696918 0.0205644 
0.700918 0.0266721 
0.704917 0.0330663 
0.708917 0.0395334 
0.712917 0.0458623 
0.716917 0.0518514 
0.720917 0.057314 
0.724916 0.0620837 
0.728916 0.0660168 
0.732916 0.0689957 
0.736916 0.0709301 
0.740916 0.0717583 
0.744916 0.0714484 
0.748915 0.0699987 
0.752915 0.0674391 
0.756915 0.0638311 
0.760915 0.0592688 
0.764915 0.0538791 
0.768915 0.0478208 
0.772914 0.0412831 
0.776914 0.0344831 
0.780914 0.0276605 
0.784914 0.0210707 
0.788914 0.0149762 
0.792913 0.00963523 
0.796913 0.00528914 
0.800913 0.00214937 
0.804913 0.000384492 
0.808913 0.00010906 
0.812913 0.00137536 
0.816912 0.00416902 
0.820912 0.00840912 
0.824912 0.0139527 
0.828912 0.020603 
0.832912 0.0281213 
0.836912 0.0362395 
0.840911 0.0446736 
0.844911 0.0531368 
0.848911 0.0613505 
0.852911 0.0690531 
0.856911 0.0760074 
0.860911 0.0820053 
0.86491 0.0868707 
0.86891 0.0904617 
0.87291 0.0926716 
0.87691 0.0934293 
0.88091 0.0927003 
0.884909 0.0904877 
0.888909 0.0868331 
0.892909 0.081819 
0.896909 0.07557 
0.900909 0.0682551 
0.904909 0.060088 
0.908908 0.0513269 
0.912908 0.0422717 
0.916908 0.033258 
0.920908 0.0246473 
0.924908 0.0168132 
0.928908 0.0101237 
0.932907 0.00492023 
0.936907 0.00149548 
0.940907 7.18723E-005 
0.944907 0.000783711 
0.948907 0.00366517 
0.952906 0.00864594 
0.956906 0.0155553 
0.960906 0.0241341 
0.964906 0.0340525 
0.968906 0.044932 
0.972906 0.0563678 
0.976905 0.0679506 
0.980905 0.0792843 
0.984905 0.0900001 
0.988905 0.0997665 
0.992905 0.108295 
0.996905 0.115343 
1.0009 0.120713 
1.0049 0.124254 
1.0089 0.125861 
1.0129 0.125469 
1.0169 0.123062 
1.0209 0.11867 
1.0249 0.112372 
1.0289 0.104302 
1.0329 0.0946586 
1.0369 0.0837032 
1.0409 0.0717708 
1.0449 0.0592688 
1.0489 0.046674 
1.0529 0.0345221 
1.0569 0.0233879 
1.0609 0.0138565 
1.0649 0.00648534 
1.0689 0.00176122 
1.0729 5.64137E-005 
1.0769 0.00159123 
1.0809 0.00640891 
1.0849 0.0143678 
1.0889 0.0251528 
1.0929 0.0383029 
1.0969 0.053252 
1.1009 0.0693734 
1.1049 0.0860242 
1.1089 0.102582 
1.1129 0.118473 
1.1169 0.133188 
1.1209 0.146291 
1.1249 0.157422 
1.1289 0.16629 
1.1329 0.172668 
1.1369 0.176386 
1.1409 0.177328 
1.1449 0.175427 
1.1489 0.170666 
1.1529 0.163088 
1.1569 0.1528 
1.1609 0.13999 
1.1649 0.124949 
1.1689 0.108084 
1.1729 0.089945 
1.1769 0.0712305 
1.1809 0.0527921 
1.1849 0.035611 
1.1889 0.0207499 
1.1929 0.00927432 
1.1969 0.00214933 
1.2009 0.000124143 
1.2049 0.00362811 
1.2089 0.0127016 
1.2129 0.0269805 
1.21689 0.0457394 
1.22089 0.0679826 
1.22489 0.0925614 
1.22889 0.118291 
1.23289 0.144049 
1.23689 0.168837 
1.24089 0.191818 
1.24489 0.21232 
1.24889 0.22982 
1.25289 0.243922 
1.25689 0.254329 
1.26089 0.260817 
1.26489 0.263215 
1.26889 0.261389 
1.27289 0.25524 
1.27689 0.244714 
1.28089 0.229817 
1.28489 0.210661 
1.28889 0.187512 
1.29289 0.160875 
1.29689 0.131577 
1.30089 0.100872 
1.30489 0.0704965 
1.30889 0.0426732 
1.31289 0.0199781 
1.31689 0.00505025 
1.32089 0.000153563 
1.32489 0.00669183 
1.32889 0.0248412 
1.33289 0.0534568 
1.33689 0.090305 
1.34089 0.132528 
1.34489 0.177164 
1.34889 0.22156 
1.35289 0.263596 
1.35689 0.301742 
1.36089 0.334986 
1.36489 0.362713 
1.36889 0.384567 
1.37289 0.400335 
1.37689 0.409845 
1.38089 0.412894 
1.38489 0.409195 
1.38889 0.398346 
1.39289 0.379828 
1.39689 0.353038 
1.40089 0.317418 
1.40489 0.272706 
1.40889 0.219433 
1.41289 0.159733 
1.41689 0.0984305 
1.42089 0.0439642 
1.42489 0.00800048 
1.42889 0.00236044 
1.43289 0.0335377 
1.43689 0.0984209 
1.44089 0.185372 
1.44488 0.279973 
1.44888 0.370553 
1.45288 0.450311 
1.45688 0.516612 
1.46088 0.569334 
1.46488 0.609455 
1.46888 0.63814 
1.47288 0.656234 
1.47688 0.663935 
1.48088 0.660481 
1.48488 0.643659 
1.48888 0.60892 
1.49288 0.547779 
1.49688 0.44569 
1.50088 0.284525 
1.50488 0.0815861 
1.50888 0.013925 
1.51288 0.26108 
1.51688 0.570404 
1.52088 0.761388 
1.52488 0.861276 
1.52888 0.914002 
1.53288 0.943308 
1.53688 0.960524 
1.54088 0.971152 
1.54488 0.977999 
1.54888 0.982573 
1.55288 0.985726 
1.55688 0.987957 
1.56088 0.989574 
1.56488 0.990769 
1.56888 0.991669 
1.57288 0.992357 
1.57688 0.99289 
1.58088 0.993308 
1.58488 0.99364 
1.58888 0.993905 
1.59288 0.994119 
1.59688 0.994292 
1.60088 0.994434 
1.60488 0.994549 
1.60888 0.994644 
1.61288 0.994722 
1.61688 0.994785 
1.62088 0.994837 
1.62488 0.994879 
1.62888 0.994912 
1.63288 0.994938 
1.63688 0.994958 
1.64088 0.994972 
1.64488 0.994982 
1.64888 0.994987 
1.65288 0.994989 
1.65688 0.994988 
1.66088 0.994983 
1.66488 0.994976 
1.66887 0.994967 
1.67287 0.994955 
1.67687 0.994942 
1.68087 0.994926 
1.68487 0.994909 
1.68887 0.99489 
1.69287 0.99487 
1.69687 0.994848 
1.70087 0.994825 
1.70487 0.9948 
1.70887 0.994775 
1.71287 0.994748 
1.71687 0.99472 
1.72087 0.994691 
1.72487 0.994661 
1.72887 0.99463 
1.73287 0.994598 
1.73687 0.994565 
1.74087 0.994531 
1.74487 0.994496 
1.74887 0.99446 
1.75287 0.994424 
1.75687 0.994386 
1.76087 0.994348 
1.76487 0.994308 
1.76887 0.994268 
1.77287 0.994227 
1.77687 0.994185 
1.78087 0.994142 
1.78487 0.994098 
1.78887 0.994053 
1.79287 0.994007 
1.79687 0.99396 
1.80087 0.993913 
1.80487 0.993864 
1.80887 0.993815 
1.81287 0.993764 
1.81687 0.993712 
1.82087 0.99366 
1.82487 0.993606 
1.82887 0.993551 
1.83287 0.993495 
1.83687 0.993438 
1.84087 0.99338 
1.84487 0.993321 
1.84887 0.99326 
1.85287 0.993198 
1.85687 0.993135 
1.86087 0.993071 
1.86487 0.993005 
1.86887 0.992937 
1.87287 0.992869 
1.87687 0.992798 
1.88087 0.992726 
1.88487 0.992653 
1.88887 0.992578 
1.89287 0.992501 
1.89686 0.992422 
1.90086 0.992341 
1.90486 0.992258 
1.90886 0.992174 
1.91286 0.992087 
1.91686 0.991998 
1.92086 0.991906 
1.92486 0.991812 
1.92886 0.991716 
1.93286 0.991617 
1.93686 0.991515 
1.94086 0.99141 
1.94486 0.991302 
1.94886 0.991191 
1.95286 0.991076 
1.95686 0.990958 
1.96086 0.990836 
1.96486 0.99071 
1.96886 0.99058 
1.97286 0.990445 
1.97686 0.990305 
1.98086 0.99016 
1.98486 0.99001 
1.98886 0.989854 
1.99286 0.989692 
1.99686 0.989523 
2.00086 0.989347 
2.00486 0.989163 
2.00886 0.98897 
2.01286 0.988769 
2.01686 0.988558 
2.02086 0.988336 
2.02486 0.988102 
2.02886 0.987856 
2.03286 0.987595 
2.03686 0.987319 
2.04086 0.987026 
2.04486 0.986713 
2.04886 0.986379 
2.05286 0.986021 
2.05686 0.985635 
2.06086 0.985219 
2.06486 0.984767 
2.06886 0.984274 
2.07286 0.983733 
2.07686 0.983137 
2.08086 0.982474 
2.08486 0.981734 
2.08886 0.980899 
2.09286 0.979948 
2.09686 0.978856 
2.10086 0.977586 
2.10486 0.976091 
2.10886 0.974305 
2.11286 0.972138 
2.11686 0.969461 
2.12086 0.966088 
2.12485 0.961741 
2.12885 0.955991 
2.13285 0.948166 
2.13685 0.937161 
2.14085 0.921097 
2.14485 0.896645 
2.14885 0.857661 
2.15285 0.792531 
2.15685 0.67991 
2.16085 0.489018 
2.16485 0.222304 
2.16885 0.0313708 
2.17285 0.0824374 
2.17685 0.255746 
2.18085 0.408037 
2.18485 0.510711 
2.18885 0.574366 
2.19285 0.611293 
2.19685 0.629559 
2.20085 0.633786 
2.20485 0.626363 
2.20885 0.608251 
2.21285 0.579477 
2.21685 0.539466 
2.22085 0.487402 
2.22485 0.42274 
2.22885 0.346064 
2.23285 0.260307 
2.23685 0.172065 
2.24085 0.0919607 
2.24485 0.0326452 
2.24885 0.00415743 
2.25285 0.00923785 
2.25685 0.0423795 
2.26085 0.0932348 
2.26485 0.151231 
2.26885 0.208399 
2.27285 0.259942 
2.27685 0.303564 
2.28085 0.338544 
2.28485 0.364985 
2.28885 0.383337 
2.29285 0.394137 
2.29685 0.397874 
2.30085 0.394944 
2.30485 0.385645 
2.30885 0.370209 
2.31285 0.348843 
2.31685 0.321804 
2.32085 0.289489 
2.32485 0.252549 
2.32885 0.212003 
2.33285 0.169354 
2.33685 0.126638 
2.34085 0.0863651 
2.34485 0.0513082 
2.34885 0.0241239 
2.35284 0.00688471 
2.35684 0.000660154 
2.36084 0.00530479 
2.36484 0.0195342 
2.36884 0.0412494 
2.37284 0.0679753 
2.37684 0.0972665 
2.38084 0.126986 
2.38484 0.155438 
2.38884 0.181383 
2.39284 0.203987 
2.39684 0.222731 
2.40084 0.23733 
2.40484 0.247662 
2.40884 0.253706 
2.41284 0.255514 
2.41684 0.253181 
2.42084 0.246842 
2.42484 0.236674 
2.42884 0.222906 
2.43284 0.205841 
2.43684 0.185874 
2.44084 0.163527 
2.44484 0.139461 
2.44884 0.114494 
2.45284 0.0895891 
2.45684 0.0658291 
2.46084 0.0443488 
2.46484 0.0262452 
2.46884 0.0124683 
2.47284 0.00371107 
2.47684 0.000324107 
2.48084 0.0022744 
2.48484 0.00915838 
2.48884 0.0202652 
2.49284 0.0346738 
2.49684 0.0513608 
2.50084 0.0692998 
2.50484 0.0875373 
2.50884 0.105241 
2.51284 0.121723 
2.51684 0.13644 
2.52084 0.148986 
2.52484 0.159071 
2.52884 0.166504 
2.53284 0.171176 
2.53684 0.173045 
2.54084 0.172127 
2.54484 0.168489 
2.54884 0.162246 
2.55284 0.153569 
2.55684 0.142683 
2.56084 0.129877 
2.56484 0.115506 
2.56884 0.0999988 
2.57284 0.0838525 
2.57684 0.0676269 
2.58083 0.0519269 
2.58483 0.0373757 
2.58883 0.0245798 
2.59283 0.0140869 
2.59683 0.00634256 
2.60083 0.0016526 
2.60483 0.000155611 
2.60883 0.00181213 
2.61283 0.00641162 
2.61683 0.0135959 
2.62083 0.022895 
2.62483 0.0337683 
2.62883 0.0456469 
2.63283 0.0579698 
2.63683 0.0702125 
2.64083 0.0819065 
2.64483 0.0926505 
2.64883 0.102114 
2.65283 0.110036 
2.65683 0.116222 
2.66083 0.120538 
2.66483 0.122904 
2.66883 0.123291 
2.67283 0.121717 
2.67683 0.118243 
2.68083 0.112976 
2.68483 0.106064 
2.68883 0.0977028 
2.69283 0.0881317 
2.69683 0.0776345 
2.70083 0.0665365 
2.70483 0.0551989 
2.70883 0.0440089 
2.71283 0.0333663 
2.71683 0.0236657 
2.72083 0.015276 
2.72483 0.0085186 
2.72883 0.00364628 
2.73283 0.000825967 
2.73683 0.000127099 
2.74083 0.00151757 
2.74483 0.00486772 
2.74883 0.00996177 
2.75283 0.016515 
2.75683 0.0241944 
2.76083 0.0326404 
2.76483 0.0414868 
2.76883 0.0503788 
2.77283 0.0589864 
2.77683 0.0670141 
2.78083 0.074207 
2.78483 0.0803538 
2.78883 0.0852874 
2.79283 0.0888843 
2.79683 0.0910631 
2.80083 0.0917822 
2.80483 0.0910389 
2.80882 0.0888672 
2.81282 0.0853376 
2.81682 0.0805557 
2.82082 0.0746617 
2.82482 0.0678292 
2.82882 0.0602631 
2.83282 0.052197 
2.83682 0.0438875 
2.84082 0.0356081 
2.84482 0.0276401 
2.84882 0.0202615 
2.85282 0.0137349 
2.85682 0.0082941 
2.86082 0.00413185 
2.86482 0.00138838 
2.86882 0.000143389 
2.87282 0.000411562 
2.87682 0.0021424 
2.88082 0.00522438 
2.88482 0.00949293 
2.88882 0.0147412 
2.89282 0.0207327 
2.89682 0.0272138 
2.90082 0.0339268 
2.90482 0.0406199 
2.90882 0.0470571 
2.91282 0.0530242 
2.91682 0.0583343 
2.92082 0.0628302 
2.92482 0.0663866 
2.92882 0.0689103 
2.93282 0.0703405 
2.93682 0.0706476 
2.94082 0.0698334 
2.94482 0.0679293 
2.94882 0.0649965 
2.95282 0.0611241 
2.95682 0.0564285 
2.96082 0.0510512 
2.96482 0.0451564 
2.96882 0.0389279 
2.97282 0.032564 
2.97682 0.0262726 
2.98082 0.0202632 
2.98482 0.0147398 
2.98882 0.00989203 
2.99282 0.00588621 
2.99682 0.00285754 
3.00082 0.000902983 
3.00482 7.63778E-005 
3.00882 0.000385764 
3.01282 0.00179347 
3.01682 0.00421881 
3.02082 0.00754316 
3.02482 0.0116169 
3.02882 0.0162674 
3.03282 0.0213079 
3.03681 0.0265456 
