0.0480045 0.0155389 
0.0582614 0.00728186 
0.0685183 0.00184422 
0.0787753 0.000112264 
0.0890322 0.00243755 
0.0992891 0.00855592 
0.109546 0.0176357 
0.119803 0.0284385 
0.13006 0.0395382 
0.140317 0.0495373 
0.150574 0.0572376 
0.160831 0.0617509 
0.171088 0.0625602 
0.181345 0.0595492 
0.191602 0.0530143 
0.201858 0.0436635 
0.212115 0.0325891 
0.222372 0.021194 
0.232629 0.0110478 
0.242886 0.00366834 
0.253143 0.000256173 
0.2634 0.00144771 
0.273657 0.00716746 
0.283914 0.0166356 
0.294171 0.0285285 
0.304428 0.0412328 
0.314685 0.053112 
0.324942 0.0627224 
0.335199 0.0689536 
0.345456 0.0711024 
0.355712 0.0689067 
0.365969 0.0625615 
0.376226 0.0527262 
0.386483 0.040515 
0.39674 0.027442 
0.406997 0.0152902 
0.417254 0.00587934 
0.427511 0.000754484 
0.437768 0.000862541 
0.448025 0.00632561 
0.458282 0.0163999 
0.468539 0.0296385 
0.478796 0.0441927 
0.489053 0.0581428 
0.49931 0.06977 
0.509567 0.0777289 
0.519823 0.0811328 
0.53008 0.0795869 
0.540337 0.0732034 
0.550594 0.0626163 
0.560851 0.0489885 
0.571108 0.0339799 
0.581365 0.0196289 
0.591622 0.00810585 
0.601879 0.00134304 
0.612136 0.000617947 
0.622393 0.00623119 
0.63265 0.0174139 
0.642907 0.0325081 
0.653164 0.0493399 
0.663421 0.0656392 
0.673677 0.079377 
0.683934 0.088969 
0.694191 0.0933634 
0.704448 0.0920645 
0.714705 0.085142 
0.724962 0.0732518 
0.735219 0.0576643 
0.745476 0.0402588 
0.755733 0.0234172 
0.76599 0.00974993 
0.776247 0.00163985 
0.786504 0.000698009 
0.796761 0.00732491 
0.807018 0.0205778 
0.817275 0.0384117 
0.827531 0.0581776 
0.837788 0.0771638 
0.848045 0.0930047 
0.858302 0.1039 
0.868559 0.108684 
0.878816 0.106825 
0.889073 0.0984216 
0.89933 0.0842383 
0.909587 0.0657632 
0.919844 0.0452376 
0.930101 0.0255547 
0.940358 0.00992122 
0.950615 0.0012525 
0.960872 0.00143353 
0.971129 0.010745 
0.981385 0.0277472 
0.991642 0.0496893 
1.0019 0.073228 
1.01216 0.0951249 
1.02241 0.112705 
1.03267 0.124042 
1.04293 0.127969 
1.05318 0.124032 
1.06344 0.112483 
1.0737 0.0943451 
1.08395 0.0715338 
1.09421 0.0469295 
1.10447 0.0242509 
1.11473 0.00755325 
1.12498 0.000323412 
1.13524 0.00443779 
1.1455 0.0194902 
1.15575 0.0428923 
1.16601 0.0706908 
1.17627 0.0986329 
1.18652 0.122995 
1.19678 0.140976 
1.20704 0.150748 
1.21729 0.151342 
1.22755 0.142568 
1.23781 0.125035 
1.24807 0.10032 
1.25832 0.0712004 
1.26858 0.0417723 
1.27884 0.0171602 
1.28909 0.00254948 
1.29935 0.00165845 
1.30961 0.0153258 
1.31986 0.0411074 
1.33012 0.0741782 
1.34038 0.10893 
1.35064 0.140344 
1.36089 0.164668 
1.37115 0.179463 
1.38141 0.183379 
1.39166 0.175932 
1.40192 0.157466 
1.41218 0.129362 
1.42243 0.094465 
1.43269 0.0575021 
1.44295 0.0250488 
1.4532 0.00443187 
1.46346 0.00143519 
1.47372 0.0178039 
1.48398 0.0503041 
1.49423 0.0921361 
1.50449 0.135584 
1.51475 0.174139 
1.525 0.203299 
1.53526 0.220384 
1.54552 0.224005 
1.55577 0.213647 
1.56603 0.189622 
1.57629 0.153452 
1.58654 0.108696 
1.5968 0.0618762 
1.60706 0.0226266 
1.61732 0.00171389 
1.62757 0.00667272 
1.63783 0.0375949 
1.64809 0.0868569 
1.65834 0.143136 
1.6686 0.196076 
1.67886 0.238566 
1.68911 0.266626 
1.69937 0.278308 
1.70963 0.272701 
1.71988 0.249498 
1.73014 0.209302 
1.7404 0.154842 
1.75066 0.093043 
1.76091 0.0368342 
1.77117 0.00364065 
1.78143 0.00773254 
1.79168 0.0504598 
1.80194 0.118732 
1.8122 0.19386 
1.82245 0.260863 
1.83271 0.311364 
1.84297 0.341833 
1.85322 0.350966 
1.86348 0.33794 
1.87374 0.301863 
1.884 0.242649 
1.89425 0.164048 
1.90451 0.0792347 
1.91477 0.0151804 
1.92502 0.00404737 
1.93528 0.0576219 
1.94554 0.154051 
1.95579 0.258243 
1.96605 0.345885 
1.97631 0.407338 
1.98657 0.440848 
1.99682 0.446466 
2.00708 0.42296 
2.01734 0.367014 
2.02759 0.275348 
2.03785 0.153987 
2.04811 0.0389021 
2.05836 0.0030864 
2.06862 0.0887413 
2.07888 0.242342 
2.08913 0.38708 
2.09939 0.490454 
2.10965 0.550899 
2.11991 0.5734 
2.13016 0.55889 
2.14042 0.500267 
2.15068 0.381039 
2.16093 0.190863 
2.17119 0.0144888 
2.18145 0.0786289 
2.1917 0.335557 
2.20196 0.546931 
2.21222 0.665261 
2.22247 0.718038 
2.23273 0.722117 
2.24299 0.66928 
2.25325 0.503693 
2.2635 0.121388 
2.27376 0.166852 
2.28402 0.645926 
2.29427 0.826123 
2.30453 0.878498 
2.31479 0.865393 
2.32504 0.613052 
2.3353 0.746679 
2.34556 0.978467 
2.35581 0.993982 
2.36607 0.996798 
2.37633 0.997528 
2.38659 0.997731 
2.39684 0.997764 
2.4071 0.997732 
2.41736 0.997673 
2.42761 0.997602 
2.43787 0.997525 
2.44813 0.997446 
2.45838 0.997366 
2.46864 0.997285 
2.4789 0.997204 
2.48915 0.997124 
2.49941 0.997044 
2.50967 0.996965 
2.51993 0.996886 
2.53018 0.996808 
2.54044 0.996731 
2.5507 0.996653 
2.56095 0.996577 
2.57121 0.9965 
2.58147 0.996424 
2.59172 0.996349 
2.60198 0.996273 
2.61224 0.996198 
2.62249 0.996124 
2.63275 0.996049 
2.64301 0.995974 
2.65327 0.9959 
2.66352 0.995826 
2.67378 0.995752 
2.68404 0.995677 
2.69429 0.995603 
2.70455 0.995529 
2.71481 0.995454 
2.72506 0.99538 
2.73532 0.995306 
2.74558 0.995231 
2.75584 0.995156 
2.76609 0.995081 
2.77635 0.995006 
2.78661 0.99493 
2.79686 0.994854 
2.80712 0.994778 
2.81738 0.994701 
2.82763 0.994625 
2.83789 0.994547 
2.84815 0.99447 
2.8584 0.994392 
2.86866 0.994313 
2.87892 0.994234 
2.88918 0.994154 
2.89943 0.994074 
2.90969 0.993994 
2.91995 0.993912 
2.9302 0.99383 
2.94046 0.993748 
2.95072 0.993665 
2.96097 0.993581 
2.97123 0.993496 
2.98149 0.99341 
2.99174 0.993324 
3.002 0.993237 
3.01226 0.993149 
3.02252 0.99306 
3.03277 0.99297 
3.04303 0.992879 
3.05329 0.992787 
3.06354 0.992694 
3.0738 0.9926 
3.08406 0.992504 
3.09431 0.992408 
3.10457 0.99231 
3.11483 0.992211 
3.12508 0.99211 
3.13534 0.992009 
3.1456 0.991905 
3.15586 0.9918 
3.16611 0.991694 
3.17637 0.991586 
3.18663 0.991476 
3.19688 0.991364 
3.20714 0.991251 
3.2174 0.991136 
3.22765 0.991018 
3.23791 0.990899 
3.24817 0.990777 
3.25842 0.990653 
3.26868 0.990527 
3.27894 0.990398 
3.2892 0.990266 
3.29945 0.990132 
3.30971 0.989995 
3.31997 0.989855 
3.33022 0.989712 
3.34048 0.989566 
3.35074 0.989416 
3.36099 0.989263 
3.37125 0.989106 
3.38151 0.988945 
3.39176 0.98878 
3.40202 0.98861 
3.41228 0.988436 
3.42254 0.988257 
3.43279 0.988073 
3.44305 0.987883 
3.45331 0.987688 
3.46356 0.987486 
3.47382 0.987278 
3.48408 0.987063 
3.49433 0.986841 
3.50459 0.986611 
3.51485 0.986373 
3.52511 0.986125 
3.53536 0.985868 
3.54562 0.985601 
3.55588 0.985323 
3.56613 0.985033 
3.57639 0.98473 
3.58665 0.984413 
3.5969 0.98408 
3.60716 0.983732 
3.61742 0.983365 
3.62767 0.982978 
3.63793 0.982569 
3.64819 0.982137 
3.65845 0.981678 
3.6687 0.981188 
3.67896 0.980666 
3.68922 0.980106 
3.69947 0.979504 
3.70973 0.978853 
3.71999 0.978146 
3.73024 0.977375 
3.7405 0.976529 
3.75076 0.975594 
3.76101 0.974552 
3.77127 0.973382 
3.78153 0.972053 
3.79179 0.970525 
3.80204 0.968741 
3.8123 0.966619 
3.82256 0.964035 
3.83281 0.96079 
3.84307 0.956548 
3.85333 0.950681 
3.86358 0.941884 
3.87384 0.926998 
3.8841 0.896575 
3.89435 0.8132 
3.90461 0.524155 
3.91487 0.486452 
3.92513 0.711531 
3.93538 0.739203 
3.94564 0.666919 
3.9559 0.473239 
3.96615 0.167122 
3.97641 0.143456 
3.98667 0.391556 
3.99692 0.552142 
4.00718 0.613202 
4.01744 0.610586 
4.02769 0.55482 
4.03795 0.439414 
4.04821 0.261591 
4.05847 0.0800326 
4.06872 0.0377304 
4.07898 0.159595 
4.08924 0.313795 
4.09949 0.423441 
4.10975 0.481417 
4.12001 0.496626 
4.13026 0.47492 
4.14052 0.417267 
4.15078 0.323268 
4.16104 0.200339 
4.17129 0.079022 
4.18155 0.0143449 
4.19181 0.040999 
4.20206 0.132166 
4.21232 0.235219 
4.22258 0.317731 
4.23283 0.370117 
4.24309 0.392686 
4.25335 0.387592 
4.2636 0.356285 
4.27386 0.299935 
4.28412 0.22199 
4.29438 0.132669 
4.30463 0.0527911 
4.31489 0.00926127 
4.32515 0.0181209 
4.3354 0.0710765 
4.34566 0.143715 
4.35592 0.213412 
4.36617 0.267398 
4.37643 0.300921 
4.38669 0.313193 
4.39694 0.304772 
4.4072 0.276652 
4.41746 0.230636 
4.42772 0.170704 
4.43797 0.104904 
4.44823 0.0462378 
4.45849 0.0099404 
4.46874 0.0063895 
4.479 0.0346742 
4.48926 0.0835124 
4.49951 0.138363 
4.50977 0.187645 
4.52003 0.224573 
4.53028 0.246109 
4.54054 0.251371 
4.5508 0.240584 
4.56106 0.214759 
4.57131 0.176012 
4.58157 0.128318 
4.59183 0.0782689 
4.60208 0.034946 
4.61234 0.00792102 
4.6226 0.00354345 
4.63285 0.0218214 
4.64311 0.0565531 
4.65337 0.0985518 
4.66362 0.139232 
4.67388 0.172469 
4.68414 0.194724 
4.6944 0.204373 
4.70465 0.20104 
4.71491 0.185244 
4.72517 0.158416 
4.73542 0.123206 
4.74568 0.0838607 
4.75594 0.0462825 
4.76619 0.0172571 
4.77645 0.00265889 
4.78671 0.00528782 
4.79696 0.0237076 
4.80722 0.0529608 
4.81748 0.0865948 
4.82774 0.118633 
4.83799 0.144626 
4.84825 0.161798 
4.85851 0.168752 
4.86876 0.165127 
4.87902 0.151404 
4.88928 0.128921 
4.89953 0.100033 
4.90979 0.068263 
4.92005 0.0381915 
4.93031 0.0148366 
4.94056 0.00246318 
4.95082 0.00323705 
4.96108 0.0164597 
4.97133 0.0388807 
4.98159 0.0658729 
4.99185 0.0927599 
5.0021 0.11571 
5.01236 0.132063 
5.02262 0.140274 
5.03287 0.139736 
5.04313 0.130634 
5.05339 0.113914 
5.06365 0.0913387 
5.0739 0.0655502 
5.08416 0.0399953 
5.09442 0.0185466 
5.10467 0.00476577 
5.11493 0.000979367 
5.12519 0.00757296 
5.13544 0.022892 
5.1457 0.043806 
5.15596 0.0666137 
5.16621 0.0878599 
5.17647 0.104819 
5.18673 0.115651 
5.19699 0.119358 
5.20724 0.115693 
5.2175 0.105095 
5.22776 0.0886908 
5.23801 0.068314 
5.24827 0.0464739 
5.25853 0.0261676 
5.26878 0.0104573 
5.27904 0.00184859 
5.2893 0.00165806 
5.29955 0.00964963 
5.30981 0.0241267 
5.32007 0.0424296 
5.33033 0.0615929 
5.34058 0.0789039 
5.35084 0.0922331 
5.3611 0.10015 
5.37135 0.101914 
5.38161 0.0974288 
5.39187 0.087207 
5.40212 0.0723664 
5.41238 0.0546152 
5.42264 0.0361739 
5.43289 0.0195634 
5.44315 0.0072284 
5.45341 0.00105108 
5.46367 0.00190523 
5.47392 0.00943785 
5.48418 0.0221805 
5.49444 0.0379364 
5.50469 0.0542729 
5.51495 0.0689456 
5.52521 0.0801653 
5.53546 0.0867124 
5.54572 0.0879532 
5.55598 0.0838199 
5.56624 0.0747891 
5.57649 0.0618672 
5.58675 0.0465584 
5.59701 0.0307733 
5.60726 0.0166339 
5.61752 0.00616131 
5.62778 0.000894723 
5.63803 0.00155287 
5.64829 0.00786868 
5.65855 0.0186679 
5.6688 0.0321569 
5.67906 0.0463026 
5.68932 0.0591787 
5.69958 0.0692032 
5.70983 0.0752603 
5.72009 0.0767389 
5.73035 0.07353 
5.7406 0.0660126 
5.75086 0.0550352 
5.76112 0.0418779 
5.77137 0.0281657 
5.78163 0.0157026 
5.79189 0.00621909 
5.80214 0.00106753 
5.8124 0.00094681 
5.82266 0.00575183 
5.83292 0.0146074 
5.84317 0.0260724 
5.85343 0.038436 
5.86369 0.0500099 
5.87394 0.05935 
5.8842 0.0653877 
5.89446 0.0674876 
5.90471 0.0654611 
5.91497 0.0595595 
5.92523 0.0504562 
5.93548 0.0392104 
5.94574 0.0271925 
5.956 0.0159482 
5.96626 0.00699617 
5.97651 0.00158081 
5.98677 0.000437503 
5.99703 0.0036438 
6.00728 0.0106099 
6.01754 0.0202121 
6.0278 0.0310198 
6.03805 0.0415443 
6.04831 0.0504469 
6.05857 0.05668 
6.06882 0.0595616 
6.07908 0.0588053 
6.08934 0.0545222 
6.0996 0.0472077 
6.10985 0.0377113 
6.12011 0.0271743 
6.13037 0.0169228 
6.14062 0.00830585 
6.15088 0.00249344 
6.16114 0.000272421 
6.17139 0.00189691 
6.18165 0.00704182 
6.19191 0.0148757 
