-1.44385 0.127225 
-1.44241 0.123903 
-1.44096 0.120543 
-1.43952 0.117148 
-1.43807 0.113725 
-1.43663 0.110276 
-1.43518 0.106806 
-1.43374 0.103321 
-1.43229 0.0998245 
-1.43085 0.0963212 
-1.4294 0.0928159 
-1.42796 0.0893132 
-1.42652 0.0858178 
-1.42507 0.0823343 
-1.42363 0.0788674 
-1.42218 0.0754217 
-1.42074 0.0720019 
-1.41929 0.0686126 
-1.41785 0.0652584 
-1.4164 0.0619437 
-1.41496 0.0586731 
-1.41351 0.0554511 
-1.41207 0.0522821 
-1.41062 0.0491703 
-1.40918 0.0461202 
-1.40774 0.0431358 
-1.40629 0.0402214 
-1.40485 0.037381 
-1.4034 0.0346185 
-1.40196 0.0319379 
-1.40051 0.029343 
-1.39907 0.0268374 
-1.39762 0.0244248 
-1.39618 0.0221085 
-1.39473 0.019892 
-1.39329 0.0177786 
-1.39185 0.0157713 
-1.3904 0.0138731 
-1.38896 0.0120869 
-1.38751 0.0104154 
-1.38607 0.00886132 
-1.38462 0.00742697 
-1.38318 0.00611471 
-1.38173 0.0049267 
-1.38029 0.00386494 
-1.37884 0.00293129 
-1.3774 0.00212745 
-1.37596 0.00145497 
-1.37451 0.000915215 
-1.37307 0.000509416 
-1.37162 0.000238625 
-1.37018 0.000103729 
-1.36873 0.000105452 
-1.36729 0.000244346 
-1.36584 0.000520796 
-1.3644 0.000935018 
-1.36295 0.00148706 
-1.36151 0.00217678 
-1.36006 0.0030039 
-1.35862 0.00396795 
-1.35718 0.00506828 
-1.35573 0.00630409 
-1.35429 0.0076744 
-1.35284 0.00917808 
-1.3514 0.0108138 
-1.34995 0.0125801 
-1.34851 0.0144753 
-1.34706 0.0164977 
-1.34562 0.0186452 
-1.34417 0.0209157 
-1.34273 0.0233071 
-1.34129 0.0258167 
-1.33984 0.0284422 
-1.3384 0.0311806 
-1.33695 0.0340293 
-1.33551 0.036985 
-1.33406 0.0400448 
-1.33262 0.0432054 
-1.33117 0.0464632 
-1.32973 0.0498148 
-1.32828 0.0532566 
-1.32684 0.0567847 
-1.3254 0.0603952 
-1.32395 0.0640843 
-1.32251 0.0678477 
-1.32106 0.0716813 
-1.31962 0.0755807 
-1.31817 0.0795417 
-1.31673 0.0835597 
-1.31528 0.0876303 
-1.31384 0.0917487 
-1.31239 0.0959104 
-1.31095 0.100111 
-1.3095 0.104344 
-1.30806 0.108607 
-1.30662 0.112894 
-1.30517 0.117199 
-1.30373 0.121519 
-1.30228 0.125848 
-1.30084 0.130181 
-1.29939 0.134513 
-1.29795 0.138839 
-1.2965 0.143154 
-1.29506 0.147454 
-1.29361 0.151732 
-1.29217 0.155984 
-1.29073 0.160205 
-1.28928 0.164391 
-1.28784 0.168535 
-1.28639 0.172634 
-1.28495 0.176683 
-1.2835 0.180676 
-1.28206 0.184609 
-1.28061 0.188477 
-1.27917 0.192277 
-1.27772 0.196003 
-1.27628 0.19965 
-1.27484 0.203215 
-1.27339 0.206694 
-1.27195 0.210082 
-1.2705 0.213374 
-1.26906 0.216568 
-1.26761 0.21966 
-1.26617 0.222645 
-1.26472 0.22552 
-1.26328 0.228282 
-1.26183 0.230927 
-1.26039 0.233453 
-1.25894 0.235855 
-1.2575 0.238132 
-1.25606 0.240279 
-1.25461 0.242296 
-1.25317 0.244179 
-1.25172 0.245926 
-1.25028 0.247534 
-1.24883 0.249003 
-1.24739 0.250329 
-1.24594 0.251512 
-1.2445 0.25255 
-1.24305 0.253441 
-1.24161 0.254184 
-1.24017 0.254779 
-1.23872 0.255224 
-1.23728 0.255519 
-1.23583 0.255664 
-1.23439 0.255658 
-1.23294 0.255501 
-1.2315 0.255193 
-1.23005 0.254734 
-1.22861 0.254126 
-1.22716 0.253368 
-1.22572 0.252461 
-1.22428 0.251406 
-1.22283 0.250205 
-1.22139 0.248858 
-1.21994 0.247368 
-1.2185 0.245735 
-1.21705 0.243962 
-1.21561 0.242051 
-1.21416 0.240004 
-1.21272 0.237823 
-1.21127 0.23551 
-1.20983 0.233069 
-1.20838 0.230502 
-1.20694 0.227812 
-1.2055 0.225002 
-1.20405 0.222076 
-1.20261 0.219037 
-1.20116 0.215888 
-1.19972 0.212633 
-1.19827 0.209276 
-1.19683 0.20582 
-1.19538 0.202271 
-1.19394 0.198631 
-1.19249 0.194906 
-1.19105 0.191099 
-1.18961 0.187215 
-1.18816 0.183259 
-1.18672 0.179235 
-1.18527 0.175149 
-1.18383 0.171004 
-1.18238 0.166806 
-1.18094 0.16256 
-1.17949 0.158271 
-1.17805 0.153944 
-1.1766 0.149584 
-1.17516 0.145196 
-1.17371 0.140786 
-1.17227 0.136358 
-1.17083 0.131919 
-1.16938 0.127473 
-1.16794 0.123026 
-1.16649 0.118584 
-1.16505 0.11415 
-1.1636 0.109732 
-1.16216 0.105334 
-1.16071 0.100961 
-1.15927 0.0966198 
-1.15782 0.0923144 
-1.15638 0.0880504 
-1.15494 0.0838331 
-1.15349 0.0796677 
-1.15205 0.0755592 
-1.1506 0.0715128 
-1.14916 0.0675334 
-1.14771 0.063626 
-1.14627 0.0597955 
-1.14482 0.0560466 
-1.14338 0.052384 
-1.14193 0.0488124 
-1.14049 0.0453363 
-1.13905 0.0419601 
-1.1376 0.0386881 
-1.13616 0.0355246 
-1.13471 0.0324735 
-1.13327 0.0295389 
-1.13182 0.0267246 
-1.13038 0.0240344 
-1.12893 0.0214718 
-1.12749 0.0190403 
-1.12604 0.0167431 
-1.1246 0.0145835 
-1.12315 0.0125644 
-1.12171 0.0106887 
-1.12027 0.00895914 
-1.11882 0.00737824 
-1.11738 0.00594839 
-1.11593 0.0046718 
-1.11449 0.00355054 
-1.11304 0.0025865 
-1.1116 0.00178138 
-1.11015 0.00113673 
-1.10871 0.000653913 
-1.10726 0.000334128 
-1.10582 0.000178385 
-1.10438 0.000187516 
-1.10293 0.000362174 
-1.10149 0.000702834 
-1.10004 0.00120978 
-1.0986 0.00188313 
-1.09715 0.00272281 
-1.09571 0.00372855 
-1.09426 0.00489992 
-1.09282 0.00623631 
-1.09137 0.0077369 
-1.08993 0.00940072 
-1.08849 0.0112266 
-1.08704 0.0132132 
-1.0856 0.015359 
-1.08415 0.0176624 
-1.08271 0.0201214 
-1.08126 0.022734 
-1.07982 0.025498 
-1.07837 0.0284111 
-1.07693 0.0314706 
-1.07548 0.034674 
-1.07404 0.0380183 
-1.07259 0.0415005 
-1.07115 0.0451176 
-1.06971 0.048866 
-1.06826 0.0527424 
-1.06682 0.0567433 
-1.06537 0.0608647 
-1.06393 0.0651029 
-1.06248 0.0694539 
-1.06104 0.0739135 
-1.05959 0.0784775 
-1.05815 0.0831415 
-1.0567 0.087901 
-1.05526 0.0927514 
-1.05382 0.0976881 
-1.05237 0.102706 
-1.05093 0.107801 
-1.04948 0.112967 
-1.04804 0.1182 
-1.04659 0.123494 
-1.04515 0.128845 
-1.0437 0.134246 
-1.04226 0.139693 
-1.04081 0.145181 
-1.03937 0.150703 
-1.03793 0.156255 
-1.03648 0.16183 
-1.03504 0.167424 
-1.03359 0.173031 
-1.03215 0.178645 
-1.0307 0.18426 
-1.02926 0.189871 
-1.02781 0.195473 
-1.02637 0.20106 
-1.02492 0.206626 
-1.02348 0.212165 
-1.02203 0.217673 
-1.02059 0.223143 
-1.01915 0.228571 
-1.0177 0.23395 
-1.01626 0.239275 
-1.01481 0.244541 
-1.01337 0.249743 
-1.01192 0.254876 
-1.01048 0.259933 
-1.00903 0.264911 
-1.00759 0.269804 
-1.00614 0.274607 
-1.0047 0.279315 
-1.00326 0.283924 
-1.00181 0.288429 
-1.00037 0.292826 
-0.998922 0.297109 
-0.997477 0.301276 
-0.996033 0.30532 
-0.994588 0.30924 
-0.993143 0.313029 
-0.991699 0.316686 
-0.990254 0.320205 
-0.98881 0.323583 
-0.987365 0.326818 
-0.985921 0.329905 
-0.984476 0.332842 
-0.983031 0.335626 
-0.981587 0.338253 
-0.980142 0.340722 
-0.978698 0.343029 
-0.977253 0.345173 
-0.975809 0.34715 
-0.974364 0.34896 
-0.972919 0.350601 
-0.971475 0.35207 
-0.97003 0.353366 
-0.968586 0.354488 
-0.967141 0.355435 
-0.965697 0.356205 
-0.964252 0.356799 
-0.962807 0.357215 
-0.961363 0.357452 
-0.959918 0.357512 
-0.958474 0.357393 
-0.957029 0.357096 
-0.955585 0.356621 
-0.95414 0.355968 
-0.952695 0.355139 
-0.951251 0.354133 
-0.949806 0.352953 
-0.948362 0.351598 
-0.946917 0.350071 
-0.945473 0.348373 
-0.944028 0.346506 
-0.942583 0.344471 
-0.941139 0.34227 
-0.939694 0.339907 
-0.93825 0.337382 
-0.936805 0.334699 
-0.935361 0.331861 
-0.933916 0.328869 
-0.932471 0.325728 
-0.931027 0.322439 
-0.929582 0.319008 
-0.928138 0.315436 
-0.926693 0.311727 
-0.925249 0.307886 
-0.923804 0.303916 
-0.922359 0.29982 
-0.920915 0.295604 
-0.91947 0.291271 
-0.918026 0.286825 
-0.916581 0.282271 
-0.915137 0.277614 
-0.913692 0.272857 
-0.912247 0.268007 
-0.910803 0.263067 
-0.909358 0.258043 
-0.907914 0.252939 
-0.906469 0.247761 
-0.905025 0.242514 
-0.90358 0.237202 
-0.902135 0.231832 
-0.900691 0.226409 
-0.899246 0.220937 
-0.897802 0.215423 
-0.896357 0.209872 
-0.894913 0.20429 
-0.893468 0.198681 
-0.892023 0.193053 
-0.890579 0.187409 
-0.889134 0.181756 
-0.88769 0.1761 
-0.886245 0.170445 
-0.884801 0.164799 
-0.883356 0.159166 
-0.881911 0.153552 
-0.880467 0.147962 
-0.879022 0.142403 
-0.877578 0.136879 
-0.876133 0.131397 
-0.874689 0.125961 
-0.873244 0.120578 
-0.871799 0.115252 
-0.870355 0.109989 
-0.86891 0.104794 
-0.867466 0.0996732 
-0.866021 0.0946307 
-0.864577 0.0896719 
-0.863132 0.084802 
-0.861687 0.0800257 
-0.860243 0.0753479 
-0.858798 0.0707735 
-0.857354 0.066307 
-0.855909 0.061953 
-0.854465 0.0577161 
-0.85302 0.0536005 
-0.851575 0.0496106 
-0.850131 0.0457504 
-0.848686 0.042024 
-0.847242 0.0384353 
-0.845797 0.034988 
-0.844353 0.0316858 
-0.842908 0.0285323 
-0.841463 0.0255307 
-0.840019 0.0226845 
-0.838574 0.0199966 
-0.83713 0.01747 
-0.835685 0.0151076 
-0.83424 0.012912 
-0.832796 0.0108857 
-0.831351 0.00903124 
-0.829907 0.0073507 
-0.828462 0.0058462 
-0.827018 0.00451964 
-0.825573 0.00337278 
-0.824128 0.00240721 
-0.822684 0.00162438 
-0.821239 0.00102556 
-0.819795 0.000611869 
-0.81835 0.000384254 
-0.816906 0.000343507 
-0.815461 0.000490254 
-0.814016 0.000824956 
-0.812572 0.00134791 
-0.811127 0.00205926 
-0.809683 0.00295897 
-0.808238 0.00404685 
-0.806794 0.00532254 
-0.805349 0.00678554 
-0.803904 0.00843515 
-0.80246 0.0102706 
-0.801015 0.0122907 
-0.799571 0.0144946 
-0.798126 0.0168807 
-0.796682 0.0194477 
-0.795237 0.022194 
-0.793792 0.0251177 
-0.792348 0.0282169 
-0.790903 0.0314897 
-0.789459 0.0349336 
-0.788014 0.0385465 
-0.78657 0.0423258 
-0.785125 0.0462689 
-0.78368 0.0503729 
-0.782236 0.0546351 
-0.780791 0.0590523 
-0.779347 0.0636213 
-0.777902 0.068339 
-0.776458 0.0732018 
-0.775013 0.0782063 
-0.773568 0.0833488 
-0.772124 0.0886256 
-0.770679 0.0940327 
-0.769235 0.0995663 
-0.76779 0.105222 
-0.766346 0.110996 
-0.764901 0.116884 
-0.763456 0.122882 
-0.762012 0.128985 
-0.760567 0.135188 
-0.759123 0.141488 
-0.757678 0.147879 
-0.756234 0.154356 
-0.754789 0.160915 
-0.753344 0.167552 
-0.7519 0.17426 
-0.750455 0.181035 
-0.749011 0.187873 
-0.747566 0.194767 
-0.746122 0.201714 
-0.744677 0.208707 
-0.743232 0.215742 
-0.741788 0.222813 
-0.740343 0.229915 
-0.738899 0.237044 
-0.737454 0.244193 
-0.73601 0.251357 
-0.734565 0.258532 
-0.73312 0.265711 
-0.731676 0.272891 
-0.730231 0.280064 
-0.728787 0.287227 
-0.727342 0.294374 
-0.725898 0.301499 
-0.724453 0.308598 
-0.723008 0.315666 
-0.721564 0.322697 
-0.720119 0.329686 
-0.718675 0.336628 
-0.71723 0.343518 
-0.715786 0.350352 
-0.714341 0.357124 
-0.712896 0.36383 
-0.711452 0.370464 
-0.710007 0.377022 
-0.708563 0.3835 
-0.707118 0.389892 
-0.705674 0.396195 
-0.704229 0.402404 
-0.702784 0.408514 
-0.70134 0.414522 
-0.699895 0.420423 
-0.698451 0.426212 
-0.697006 0.431887 
-0.695562 0.437443 
-0.694117 0.442876 
-0.692672 0.448183 
-0.691228 0.45336 
-0.689783 0.458403 
-0.688339 0.46331 
-0.686894 0.468076 
-0.68545 0.4727 
-0.684005 0.477176 
-0.68256 0.481504 
-0.681116 0.485679 
-0.679671 0.4897 
-0.678227 0.493563 
-0.676782 0.497267 
-0.675338 0.500808 
-0.673893 0.504185 
-0.672448 0.507395 
-0.671004 0.510437 
-0.669559 0.513309 
-0.668115 0.516009 
-0.66667 0.518535 
-0.665226 0.520886 
-0.663781 0.523061 
-0.662336 0.525058 
-0.660892 0.526877 
-0.659447 0.528517 
-0.658003 0.529976 
-0.656558 0.531254 
-0.655114 0.532351 
-0.653669 0.533266 
-0.652224 0.533998 
-0.65078 0.534549 
-0.649335 0.534917 
-0.647891 0.535103 
-0.646446 0.535107 
-0.645002 0.53493 
-0.643557 0.534572 
-0.642112 0.534033 
-0.640668 0.533315 
-0.639223 0.532417 
-0.637779 0.531342 
-0.636334 0.530091 
-0.63489 0.528664 
-0.633445 0.527062 
-0.632 0.525288 
-0.630556 0.523343 
-0.629111 0.521229 
-0.627667 0.518947 
-0.626222 0.5165 
-0.624778 0.513889 
-0.623333 0.511116 
-0.621888 0.508184 
-0.620444 0.505095 
-0.618999 0.501852 
-0.617555 0.498456 
-0.61611 0.494912 
-0.614666 0.49122 
-0.613221 0.487385 
-0.611776 0.483408 
-0.610332 0.479294 
-0.608887 0.475044 
-0.607443 0.470663 
-0.605998 0.466153 
-0.604554 0.461517 
-0.603109 0.456759 
-0.601664 0.451883 
-0.60022 0.446892 
-0.598775 0.441788 
-0.597331 0.436577 
-0.595886 0.431262 
-0.594441 0.425845 
-0.592997 0.420332 
-0.591552 0.414726 
-0.590108 0.40903 
-0.588663 0.403249 
-0.587219 0.397387 
-0.585774 0.391447 
-0.584329 0.385434 
-0.582885 0.379351 
-0.58144 0.373203 
-0.579996 0.366993 
-0.578551 0.360727 
-0.577107 0.354407 
-0.575662 0.348039 
-0.574217 0.341625 
-0.572773 0.335171 
-0.571328 0.328681 
-0.569884 0.322159 
-0.568439 0.315608 
-0.566995 0.309034 
-0.56555 0.302439 
-0.564105 0.29583 
-0.562661 0.289209 
-0.561216 0.28258 
-0.559772 0.275949 
-0.558327 0.269319 
-0.556883 0.262694 
-0.555438 0.256078 
-0.553993 0.249475 
-0.552549 0.24289 
-0.551104 0.236325 
-0.54966 0.229786 
-0.548215 0.223277 
-0.546771 0.2168 
-0.545326 0.21036 
-0.543881 0.203961 
-0.542437 0.197606 
-0.540992 0.1913 
-0.539548 0.185046 
-0.538103 0.178847 
-0.536659 0.172707 
-0.535214 0.16663 
-0.533769 0.160618 
-0.532325 0.154677 
-0.53088 0.148808 
-0.529436 0.143015 
-0.527991 0.137302 
-0.526547 0.131671 
-0.525102 0.126126 
-0.523657 0.12067 
-0.522213 0.115306 
-0.520768 0.110036 
-0.519324 0.104863 
-0.517879 0.0997907 
-0.516435 0.0948213 
-0.51499 0.0899573 
-0.513545 0.0852015 
-0.512101 0.0805562 
-0.510656 0.0760238 
-0.509212 0.0716068 
-0.507767 0.0673072 
-0.506323 0.0631273 
-0.504878 0.0590692 
-0.503433 0.0551348 
-0.501989 0.0513262 
-0.500544 0.0476451 
-0.4991 0.0440934 
-0.497655 0.0406726 
-0.496211 0.0373845 
-0.494766 0.0342306 
-0.493321 0.0312122 
-0.491877 0.0283309 
-0.490432 0.0255877 
-0.488988 0.0229841 
-0.487543 0.0205209 
-0.486099 0.0181994 
-0.484654 0.0160205 
-0.483209 0.013985 
-0.481765 0.0120937 
-0.48032 0.0103474 
-0.478876 0.00874671 
-0.477431 0.00729213 
-0.475987 0.00598416 
-0.474542 0.00482322 
-0.473097 0.00380961 
-0.471653 0.00294358 
-0.470208 0.00222529 
-0.468764 0.00165483 
-0.467319 0.00123221 
-0.465875 0.00095738 
-0.46443 0.000830194 
-0.462985 0.000850445 
-0.461541 0.00101785 
-0.460096 0.00133207 
-0.458652 0.00179266 
-0.457207 0.00239914 
-0.455763 0.00315095 
-0.454318 0.00404746 
-0.452873 0.00508797 
-0.451429 0.00627173 
-0.449984 0.00759791 
-0.44854 0.00906563 
-0.447095 0.0106739 
-0.445651 0.0124218 
-0.444206 0.0143082 
-0.442761 0.0163319 
-0.441317 0.0184919 
-0.439872 0.0207868 
-0.438428 0.0232154 
-0.436983 0.0257763 
-0.435539 0.0284681 
-0.434094 0.0312894 
-0.432649 0.0342386 
-0.431205 0.0373143 
-0.42976 0.0405148 
-0.428316 0.0438385 
-0.426871 0.0472837 
-0.425427 0.0508488 
-0.423982 0.0545318 
-0.422537 0.0583311 
-0.421093 0.0622448 
-0.419648 0.066271 
-0.418204 0.0704078 
-0.416759 0.0746533 
-0.415315 0.0790055 
-0.41387 0.0834623 
-0.412425 0.0880218 
-0.410981 0.0926819 
-0.409536 0.0974406 
-0.408092 0.102296 
-0.406647 0.107245 
-0.405203 0.112286 
-0.403758 0.117417 
-0.402313 0.122636 
-0.400869 0.127941 
-0.399424 0.133329 
-0.39798 0.138797 
-0.396535 0.144345 
-0.395091 0.149969 
-0.393646 0.155667 
-0.392201 0.161437 
-0.390757 0.167277 
-0.389312 0.173184 
-0.387868 0.179156 
-0.386423 0.185191 
-0.384979 0.191286 
-0.383534 0.197439 
-0.382089 0.203648 
-0.380645 0.20991 
-0.3792 0.216224 
-0.377756 0.222586 
-0.376311 0.228994 
-0.374867 0.235447 
-0.373422 0.241941 
-0.371977 0.248475 
-0.370533 0.255046 
-0.369088 0.261652 
-0.367644 0.268291 
-0.366199 0.274961 
-0.364755 0.281658 
-0.36331 0.288382 
-0.361865 0.295129 
-0.360421 0.301898 
-0.358976 0.308686 
-0.357532 0.315492 
-0.356087 0.322312 
-0.354642 0.329146 
-0.353198 0.33599 
-0.351753 0.342843 
-0.350309 0.349703 
-0.348864 0.356568 
-0.34742 0.363435 
-0.345975 0.370302 
-0.34453 0.377169 
-0.343086 0.384032 
-0.341641 0.39089 
-0.340197 0.39774 
-0.338752 0.404582 
-0.337308 0.411413 
-0.335863 0.418231 
-0.334418 0.425035 
-0.332974 0.431822 
-0.331529 0.438592 
-0.330085 0.445342 
-0.32864 0.45207 
-0.327196 0.458776 
-0.325751 0.465457 
-0.324306 0.472112 
-0.322862 0.478739 
-0.321417 0.485337 
-0.319973 0.491904 
-0.318528 0.498439 
-0.317084 0.50494 
-0.315639 0.511407 
-0.314194 0.517837 
-0.31275 0.524229 
-0.311305 0.530582 
-0.309861 0.536895 
-0.308416 0.543166 
-0.306972 0.549395 
-0.305527 0.55558 
-0.304082 0.56172 
-0.302638 0.567814 
-0.301193 0.57386 
-0.299749 0.579859 
-0.298304 0.585808 
-0.29686 0.591707 
-0.295415 0.597555 
-0.29397 0.603351 
-0.292526 0.609094 
-0.291081 0.614784 
-0.289637 0.620419 
-0.288192 0.625998 
-0.286748 0.631522 
-0.285303 0.636989 
-0.283858 0.642398 
-0.282414 0.64775 
-0.280969 0.653042 
-0.279525 0.658276 
-0.27808 0.66345 
-0.276636 0.668563 
-0.275191 0.673616 
-0.273746 0.678607 
-0.272302 0.683537 
-0.270857 0.688404 
-0.269413 0.693209 
-0.267968 0.697951 
-0.266524 0.70263 
-0.265079 0.707246 
-0.263634 0.711798 
-0.26219 0.716286 
-0.260745 0.72071 
-0.259301 0.72507 
-0.257856 0.729366 
-0.256412 0.733596 
-0.254967 0.737762 
-0.253522 0.741864 
-0.252078 0.745901 
-0.250633 0.749872 
-0.249189 0.753779 
-0.247744 0.757622 
-0.2463 0.761399 
-0.244855 0.765112 
-0.24341 0.768761 
-0.241966 0.772345 
-0.240521 0.775864 
-0.239077 0.77932 
-0.237632 0.782712 
-0.236188 0.786039 
-0.234743 0.789304 
-0.233298 0.792505 
-0.231854 0.795643 
-0.230409 0.798718 
-0.228965 0.801731 
-0.22752 0.804681 
-0.226076 0.80757 
-0.224631 0.810397 
-0.223186 0.813163 
-0.221742 0.815869 
-0.220297 0.818514 
-0.218853 0.821099 
-0.217408 0.823625 
-0.215964 0.826092 
-0.214519 0.8285 
-0.213074 0.830849 
-0.21163 0.833142 
-0.210185 0.835377 
-0.208741 0.837555 
-0.207296 0.839677 
-0.205852 0.841744 
-0.204407 0.843756 
-0.202962 0.845713 
-0.201518 0.847616 
-0.200073 0.849465 
-0.198629 0.851262 
-0.197184 0.853007 
-0.19574 0.8547 
-0.194295 0.856342 
-0.19285 0.857933 
-0.191406 0.859475 
-0.189961 0.860967 
-0.188517 0.862411 
-0.187072 0.863807 
-0.185628 0.865156 
-0.184183 0.866458 
-0.182738 0.867714 
-0.181294 0.868925 
-0.179849 0.870091 
-0.178405 0.871213 
-0.17696 0.872292 
-0.175516 0.873328 
-0.174071 0.874322 
-0.172626 0.875275 
-0.171182 0.876188 
-0.169737 0.87706 
-0.168293 0.877894 
-0.166848 0.878688 
-0.165404 0.879445 
-0.163959 0.880165 
-0.162514 0.880848 
-0.16107 0.881496 
-0.159625 0.882108 
-0.158181 0.882687 
-0.156736 0.883231 
-0.155292 0.883742 
-0.153847 0.884222 
-0.152402 0.884669 
-0.150958 0.885086 
-0.149513 0.885472 
-0.148069 0.885829 
-0.146624 0.886157 
-0.14518 0.886457 
-0.143735 0.886729 
-0.14229 0.886974 
-0.140846 0.887194 
-0.139401 0.887388 
-0.137957 0.887557 
-0.136512 0.887701 
-0.135068 0.887823 
-0.133623 0.887921 
-0.132178 0.887998 
-0.130734 0.888052 
-0.129289 0.888086 
-0.127845 0.8881 
-0.1264 0.888094 
-0.124956 0.888069 
-0.123511 0.888026 
-0.122066 0.887965 
-0.120622 0.887887 
-0.119177 0.887792 
-0.117733 0.887682 
-0.116288 0.887556 
-0.114843 0.887415 
-0.113399 0.887261 
-0.111954 0.887092 
-0.11051 0.886911 
-0.109065 0.886718 
-0.107621 0.886512 
-0.106176 0.886296 
-0.104731 0.886069 
-0.103287 0.885831 
-0.101842 0.885584 
-0.100398 0.885328 
-0.0989532 0.885063 
-0.0975086 0.88479 
-0.0960641 0.88451 
-0.0946195 0.884223 
-0.0931749 0.883929 
-0.0917303 0.883629 
-0.0902858 0.883324 
-0.0888412 0.883013 
-0.0873966 0.882698 
-0.0859521 0.882379 
-0.0845075 0.882056 
-0.0830629 0.88173 
-0.0816183 0.881401 
-0.0801738 0.88107 
-0.0787292 0.880737 
-0.0772846 0.880402 
-0.07584 0.880067 
-0.0743955 0.87973 
-0.0729509 0.879394 
-0.0715063 0.879057 
-0.0700618 0.878721 
-0.0686172 0.878386 
-0.0671726 0.878053 
-0.065728 0.87772 
-0.0642835 0.87739 
-0.0628389 0.877062 
-0.0613943 0.876737 
-0.0599497 0.876415 
-0.0585052 0.876096 
-0.0570606 0.87578 
-0.055616 0.875469 
-0.0541715 0.875162 
-0.0527269 0.874859 
-0.0512823 0.874561 
-0.0498377 0.874269 
-0.0483932 0.873981 
-0.0469486 0.873699 
-0.045504 0.873423 
-0.0440595 0.873154 
-0.0426149 0.87289 
-0.0411703 0.872633 
-0.0397257 0.872383 
-0.0382812 0.87214 
-0.0368366 0.871904 
-0.035392 0.871676 
-0.0339474 0.871455 
-0.0325029 0.871242 
-0.0310583 0.871038 
-0.0296137 0.870841 
-0.0281692 0.870652 
-0.0267246 0.870472 
-0.02528 0.870301 
-0.0238354 0.870138 
-0.0223909 0.869985 
-0.0209463 0.86984 
-0.0195017 0.869704 
-0.0180572 0.869578 
-0.0166126 0.869461 
-0.015168 0.869353 
-0.0137234 0.869255 
-0.0122789 0.869167 
-0.0108343 0.869088 
-0.00938972 0.869019 
-0.00794515 0.86896 
-0.00650058 0.86891 
-0.005056 0.868871 
-0.00361143 0.868841 
-0.00216686 0.868821 
-0.000722286 0.868811 
0.000722286 0.868811 
0.00216686 0.868821 
0.00361143 0.868841 
0.005056 0.868871 
0.00650058 0.86891 
0.00794515 0.86896 
0.00938972 0.869019 
0.0108343 0.869088 
0.0122789 0.869167 
0.0137234 0.869255 
0.015168 0.869353 
0.0166126 0.869461 
0.0180572 0.869578 
0.0195017 0.869704 
0.0209463 0.86984 
0.0223909 0.869985 
0.0238354 0.870138 
0.02528 0.870301 
0.0267246 0.870472 
0.0281692 0.870652 
0.0296137 0.870841 
0.0310583 0.871038 
0.0325029 0.871242 
0.0339474 0.871455 
0.035392 0.871676 
0.0368366 0.871904 
0.0382812 0.87214 
0.0397257 0.872383 
0.0411703 0.872633 
0.0426149 0.87289 
0.0440595 0.873154 
0.045504 0.873423 
0.0469486 0.873699 
0.0483932 0.873981 
0.0498377 0.874269 
0.0512823 0.874561 
0.0527269 0.874859 
0.0541715 0.875162 
0.055616 0.875469 
0.0570606 0.87578 
0.0585052 0.876096 
0.0599497 0.876415 
0.0613943 0.876737 
0.0628389 0.877062 
0.0642835 0.87739 
0.065728 0.87772 
0.0671726 0.878053 
0.0686172 0.878386 
0.0700618 0.878721 
0.0715063 0.879057 
0.0729509 0.879394 
0.0743955 0.87973 
0.07584 0.880067 
0.0772846 0.880402 
0.0787292 0.880737 
0.0801738 0.88107 
0.0816183 0.881401 
0.0830629 0.88173 
0.0845075 0.882056 
0.0859521 0.882379 
0.0873966 0.882698 
0.0888412 0.883013 
0.0902858 0.883324 
0.0917303 0.883629 
0.0931749 0.883929 
0.0946195 0.884223 
0.0960641 0.88451 
0.0975086 0.88479 
0.0989532 0.885063 
0.100398 0.885328 
0.101842 0.885584 
0.103287 0.885831 
0.104731 0.886069 
0.106176 0.886296 
0.107621 0.886512 
0.109065 0.886718 
0.11051 0.886911 
0.111954 0.887092 
0.113399 0.887261 
0.114843 0.887415 
0.116288 0.887556 
0.117733 0.887682 
0.119177 0.887792 
0.120622 0.887887 
0.122066 0.887965 
0.123511 0.888026 
0.124956 0.888069 
0.1264 0.888094 
0.127845 0.8881 
0.129289 0.888086 
0.130734 0.888052 
0.132178 0.887998 
0.133623 0.887921 
0.135068 0.887823 
0.136512 0.887701 
0.137957 0.887557 
0.139401 0.887388 
0.140846 0.887194 
0.14229 0.886974 
0.143735 0.886729 
0.14518 0.886457 
0.146624 0.886157 
0.148069 0.885829 
0.149513 0.885472 
0.150958 0.885086 
0.152402 0.884669 
0.153847 0.884222 
0.155292 0.883743 
0.156736 0.883231 
0.158181 0.882687 
0.159625 0.882109 
0.16107 0.881496 
0.162514 0.880849 
0.163959 0.880165 
0.165404 0.879445 
0.166848 0.878688 
0.168293 0.877894 
0.169737 0.87706 
0.171182 0.876188 
0.172626 0.875276 
0.174071 0.874323 
0.175516 0.873328 
0.17696 0.872292 
0.178405 0.871213 
0.179849 0.870091 
0.181294 0.868925 
0.182738 0.867714 
0.184183 0.866458 
0.185628 0.865156 
0.187072 0.863807 
0.188517 0.862411 
0.189961 0.860967 
0.191406 0.859475 
0.19285 0.857933 
0.194295 0.856342 
0.19574 0.8547 
0.197184 0.853007 
0.198629 0.851262 
0.200073 0.849466 
0.201518 0.847616 
0.202962 0.845713 
0.204407 0.843756 
0.205852 0.841744 
0.207296 0.839678 
0.208741 0.837555 
0.210185 0.835377 
0.21163 0.833142 
0.213074 0.83085 
0.214519 0.8285 
0.215964 0.826092 
0.217408 0.823625 
0.218853 0.8211 
0.220297 0.818514 
0.221742 0.815869 
0.223186 0.813164 
0.224631 0.810398 
0.226076 0.80757 
0.22752 0.804682 
0.228965 0.801731 
0.230409 0.798718 
0.231854 0.795643 
0.233298 0.792505 
0.234743 0.789304 
0.236188 0.78604 
0.237632 0.782712 
0.239077 0.779321 
0.240521 0.775865 
0.241966 0.772345 
0.24341 0.768761 
0.244855 0.765113 
0.2463 0.7614 
0.247744 0.757623 
0.249189 0.75378 
0.250633 0.749873 
0.252078 0.745901 
0.253522 0.741865 
0.254967 0.737763 
0.256412 0.733597 
0.257856 0.729366 
0.259301 0.725071 
0.260745 0.720711 
0.26219 0.716287 
0.263634 0.711799 
0.265079 0.707247 
0.266524 0.702632 
0.267968 0.697953 
0.269413 0.69321 
0.270857 0.688405 
0.272302 0.683538 
0.273746 0.678608 
0.275191 0.673617 
0.276636 0.668564 
0.27808 0.663451 
0.279525 0.658277 
0.280969 0.653044 
0.282414 0.647751 
0.283858 0.6424 
0.285303 0.63699 
0.286748 0.631523 
0.288192 0.626 
0.289637 0.62042 
0.291081 0.614785 
0.292526 0.609096 
0.29397 0.603353 
0.295415 0.597557 
0.29686 0.591709 
0.298304 0.58581 
0.299749 0.579861 
0.301193 0.573862 
0.302638 0.567816 
0.304082 0.561722 
0.305527 0.555582 
0.306972 0.549397 
0.308416 0.543168 
0.309861 0.536897 
0.311305 0.530584 
0.31275 0.524231 
0.314194 0.517839 
0.315639 0.511409 
0.317084 0.504942 
0.318528 0.498441 
0.319973 0.491906 
0.321417 0.485339 
0.322862 0.478741 
0.324306 0.472114 
0.325751 0.465459 
0.327196 0.458778 
0.32864 0.452073 
0.330085 0.445344 
0.331529 0.438594 
0.332974 0.431825 
0.334418 0.425037 
0.335863 0.418234 
0.337308 0.411415 
0.338752 0.404585 
0.340197 0.397743 
0.341641 0.390892 
0.343086 0.384034 
0.34453 0.377171 
0.345975 0.370305 
0.34742 0.363437 
0.348864 0.35657 
0.350309 0.349706 
0.351753 0.342846 
0.353198 0.335993 
0.354642 0.329149 
0.356087 0.322315 
0.357532 0.315495 
0.358976 0.308689 
0.360421 0.301901 
0.361865 0.295132 
0.36331 0.288385 
0.364755 0.281661 
0.366199 0.274964 
0.367644 0.268294 
0.369088 0.261656 
0.370533 0.255049 
0.371977 0.248478 
0.373422 0.241944 
0.374867 0.23545 
0.376311 0.228997 
0.377756 0.222589 
0.3792 0.216227 
0.380645 0.209913 
0.382089 0.203651 
0.383534 0.197442 
0.384979 0.191289 
0.386423 0.185194 
0.387868 0.179159 
0.389312 0.173187 
0.390757 0.16728 
0.392201 0.16144 
0.393646 0.15567 
0.395091 0.149972 
0.396535 0.144348 
0.39798 0.1388 
0.399424 0.133331 
0.400869 0.127944 
0.402313 0.122639 
0.403758 0.11742 
0.405203 0.112289 
0.406647 0.107248 
0.408092 0.102298 
0.409536 0.0974433 
0.410981 0.0926846 
0.412425 0.0880245 
0.41387 0.0834649 
0.415315 0.079008 
0.416759 0.0746558 
0.418204 0.0704103 
0.419648 0.0662734 
0.421093 0.0622471 
0.422537 0.0583334 
0.423982 0.0545341 
0.425427 0.050851 
0.426871 0.0472859 
0.428316 0.0438406 
0.42976 0.0405168 
0.431205 0.0373163 
0.432649 0.0342405 
0.434094 0.0312912 
0.435539 0.0284698 
0.436983 0.025778 
0.438428 0.023217 
0.439872 0.0207884 
0.441317 0.0184934 
0.442761 0.0163333 
0.444206 0.0143095 
0.445651 0.012423 
0.447095 0.0106751 
0.44854 0.00906667 
0.449984 0.00759886 
0.451429 0.00627259 
0.452873 0.00508874 
0.454318 0.00404813 
0.455763 0.00315153 
0.457207 0.00239962 
0.458652 0.00179304 
0.460096 0.00133234 
0.461541 0.00101803 
0.462985 0.000850513 
0.46443 0.000830155 
0.465875 0.000957234 
0.467319 0.00123196 
0.468764 0.00165446 
0.470208 0.00222481 
0.471653 0.00294299 
0.473097 0.0038089 
0.474542 0.0048224 
0.475987 0.00598323 
0.477431 0.00729107 
0.478876 0.00874553 
0.48032 0.0103461 
0.481765 0.0120923 
0.483209 0.0139835 
0.484654 0.0160188 
0.486099 0.0181977 
0.487543 0.020519 
0.488988 0.022982 
0.490432 0.0255856 
0.491877 0.0283286 
0.493321 0.0312098 
0.494766 0.0342281 
0.496211 0.0373819 
0.497655 0.0406698 
0.4991 0.0440904 
0.500544 0.0476421 
0.501989 0.051323 
0.503433 0.0551315 
0.504878 0.0590657 
0.506323 0.0631237 
0.507767 0.0673035 
0.509212 0.071603 
0.510656 0.0760199 
0.512101 0.0805522 
0.513545 0.0851973 
0.51499 0.0899531 
0.516435 0.0948169 
0.517879 0.0997862 
0.519324 0.104858 
0.520768 0.110031 
0.522213 0.115301 
0.523657 0.120665 
0.525102 0.126121 
0.526547 0.131666 
0.527991 0.137297 
0.529436 0.14301 
0.53088 0.148802 
0.532325 0.154671 
0.533769 0.160613 
0.535214 0.166624 
0.536659 0.172701 
0.538103 0.178841 
0.539548 0.18504 
0.540992 0.191294 
0.542437 0.1976 
0.543881 0.203955 
0.545326 0.210354 
0.546771 0.216793 
0.548215 0.22327 
0.54966 0.22978 
0.551104 0.236319 
0.552549 0.242883 
0.553993 0.249468 
0.555438 0.256071 
0.556883 0.262687 
0.558327 0.269312 
0.559772 0.275942 
0.561216 0.282573 
0.562661 0.289202 
0.564105 0.295823 
0.56555 0.302432 
0.566995 0.309026 
0.568439 0.315601 
0.569884 0.322151 
0.571328 0.328674 
0.572773 0.335164 
0.574217 0.341618 
0.575662 0.348032 
0.577107 0.3544 
0.578551 0.36072 
0.579996 0.366986 
0.58144 0.373196 
0.582885 0.379344 
0.584329 0.385427 
0.585774 0.39144 
0.587219 0.39738 
0.588663 0.403243 
0.590108 0.409024 
0.591552 0.414719 
0.592997 0.420326 
0.594441 0.425839 
0.595886 0.431255 
0.597331 0.436571 
0.598775 0.441782 
0.60022 0.446885 
0.601664 0.451877 
0.603109 0.456753 
0.604554 0.461511 
0.605998 0.466147 
0.607443 0.470657 
0.608887 0.475039 
0.610332 0.479288 
0.611776 0.483403 
0.613221 0.48738 
0.614666 0.491215 
0.61611 0.494907 
0.617555 0.498452 
0.618999 0.501848 
0.620444 0.505091 
0.621888 0.50818 
0.623333 0.511112 
0.624778 0.513885 
0.626222 0.516496 
0.627667 0.518944 
0.629111 0.521226 
0.630556 0.523341 
0.632 0.525286 
0.633445 0.52706 
0.63489 0.528661 
0.636334 0.530089 
0.637779 0.531341 
0.639223 0.532416 
0.640668 0.533313 
0.642112 0.534032 
0.643557 0.534571 
0.645002 0.53493 
0.646446 0.535107 
0.647891 0.535103 
0.649335 0.534918 
0.65078 0.53455 
0.652224 0.533999 
0.653669 0.533267 
0.655114 0.532352 
0.656558 0.531256 
0.658003 0.529978 
0.659447 0.528519 
0.660892 0.52688 
0.662336 0.525061 
0.663781 0.523064 
0.665226 0.520889 
0.66667 0.518538 
0.668115 0.516013 
0.669559 0.513313 
0.671004 0.510442 
0.672448 0.5074 
0.673893 0.50419 
0.675338 0.500813 
0.676782 0.497272 
0.678227 0.493569 
0.679671 0.489706 
0.681116 0.485686 
0.68256 0.481511 
0.684005 0.477183 
0.68545 0.472707 
0.686894 0.468084 
0.688339 0.463318 
0.689783 0.458411 
0.691228 0.453368 
0.692672 0.448192 
0.694117 0.442885 
0.695562 0.437452 
0.697006 0.431896 
0.698451 0.426222 
0.699895 0.420432 
0.70134 0.414532 
0.702784 0.408524 
0.704229 0.402414 
0.705674 0.396206 
0.707118 0.389903 
0.708563 0.383511 
0.710007 0.377033 
0.711452 0.370475 
0.712896 0.363841 
0.714341 0.357136 
0.715786 0.350364 
0.71723 0.34353 
0.718675 0.33664 
0.720119 0.329698 
0.721564 0.322709 
0.723008 0.315678 
0.724453 0.308611 
0.725898 0.301512 
0.727342 0.294387 
0.728787 0.28724 
0.730231 0.280077 
0.731676 0.272904 
0.73312 0.265724 
0.734565 0.258545 
0.73601 0.25137 
0.737454 0.244206 
0.738899 0.237057 
0.740343 0.229929 
0.741788 0.222826 
0.743232 0.215755 
0.744677 0.20872 
0.746122 0.201727 
0.747566 0.19478 
0.749011 0.187886 
0.750455 0.181048 
0.7519 0.174273 
0.753344 0.167564 
0.754789 0.160928 
0.756234 0.154369 
0.757678 0.147891 
0.759123 0.1415 
0.760567 0.1352 
0.762012 0.128997 
0.763456 0.122894 
0.764901 0.116896 
0.766346 0.111008 
0.76779 0.105234 
0.769235 0.0995774 
0.770679 0.0940437 
0.772124 0.0886363 
0.773568 0.0833593 
0.775013 0.0782166 
0.776458 0.0732118 
0.777902 0.0683487 
0.779347 0.0636308 
0.780791 0.0590615 
0.782236 0.054644 
0.78368 0.0503816 
0.785125 0.0462772 
0.78657 0.0423338 
0.788014 0.0385542 
0.789459 0.034941 
0.790903 0.0314967 
0.792348 0.0282236 
0.793792 0.025124 
0.795237 0.0222 
0.796682 0.0194534 
0.798126 0.016886 
0.799571 0.0144995 
0.801015 0.0122953 
0.80246 0.0102747 
0.803904 0.00843893 
0.805349 0.00678892 
0.806794 0.00532553 
0.808238 0.00404944 
0.809683 0.00296116 
0.811127 0.00206104 
0.812572 0.00134928 
0.814016 0.00082591 
0.815461 0.000490791 
0.816906 0.000343626 
0.81835 0.000383953 
0.819795 0.000611146 
0.821239 0.00102442 
0.822684 0.00162281 
0.824128 0.00240522 
0.825573 0.00337036 
0.827018 0.0045168 
0.828462 0.00584294 
0.829907 0.00734702 
0.831351 0.00902714 
0.832796 0.0108812 
0.83424 0.012907 
0.835685 0.0151022 
0.83713 0.0174642 
0.838574 0.0199904 
0.840019 0.0226779 
0.841463 0.0255238 
0.842908 0.0285249 
0.844353 0.0316781 
0.845797 0.0349799 
0.847242 0.0384268 
0.848686 0.0420151 
0.850131 0.0457412 
0.851575 0.049601 
0.85302 0.0535906 
0.854465 0.0577059 
0.855909 0.0619425 
0.857354 0.0662961 
0.858798 0.0707623 
0.860243 0.0753364 
0.861687 0.0800139 
0.863132 0.0847899 
0.864577 0.0896596 
0.866021 0.0946181 
0.867466 0.0996603 
0.86891 0.104781 
0.870355 0.109976 
0.871799 0.115238 
0.873244 0.120564 
0.874689 0.125947 
0.876133 0.131382 
0.877578 0.136865 
0.879022 0.142388 
0.880467 0.147947 
0.881911 0.153537 
0.883356 0.159151 
0.884801 0.164784 
0.886245 0.170431 
0.88769 0.176085 
0.889134 0.181741 
0.890579 0.187394 
0.892023 0.193038 
0.893468 0.198666 
0.894913 0.204275 
0.896357 0.209857 
0.897802 0.215409 
0.899246 0.220923 
0.900691 0.226394 
0.902135 0.231817 
0.90358 0.237188 
0.905025 0.242499 
0.906469 0.247747 
0.907914 0.252925 
0.909358 0.258029 
0.910803 0.263053 
0.912247 0.267993 
0.913692 0.272844 
0.915137 0.2776 
0.916581 0.282258 
0.918026 0.286812 
0.91947 0.291258 
0.920915 0.295592 
0.922359 0.299808 
0.923804 0.303904 
0.925249 0.307875 
0.926693 0.311716 
0.928138 0.315425 
0.929582 0.318998 
0.931027 0.32243 
0.932471 0.325718 
0.933916 0.32886 
0.935361 0.331852 
0.936805 0.334691 
0.93825 0.337375 
0.939694 0.3399 
0.941139 0.342264 
0.942583 0.344465 
0.944028 0.3465 
0.945473 0.348368 
0.946917 0.350066 
0.948362 0.351594 
0.949806 0.352949 
0.951251 0.35413 
0.952695 0.355136 
0.95414 0.355966 
0.955585 0.356619 
0.957029 0.357095 
0.958474 0.357392 
0.959918 0.357512 
0.961363 0.357453 
0.962807 0.357216 
0.964252 0.3568 
0.965697 0.356207 
0.967141 0.355437 
0.968586 0.354491 
0.97003 0.35337 
0.971475 0.352074 
0.972919 0.350606 
0.974364 0.348966 
0.975809 0.347157 
0.977253 0.345179 
0.978698 0.343036 
0.980142 0.34073 
0.981587 0.338262 
0.983031 0.335635 
0.984476 0.332852 
0.985921 0.329915 
0.987365 0.326828 
0.98881 0.323594 
0.990254 0.320216 
0.991699 0.316697 
0.993143 0.313042 
0.994588 0.309252 
0.996033 0.305334 
0.997477 0.301289 
0.998922 0.297124 
1.00037 0.29284 
1.00181 0.288444 
1.00326 0.28394 
1.0047 0.279331 
1.00614 0.274623 
1.00759 0.26982 
1.00903 0.264928 
1.01048 0.25995 
1.01192 0.254893 
1.01337 0.249761 
1.01481 0.24456 
1.01626 0.239294 
1.0177 0.233968 
1.01915 0.22859 
1.02059 0.223162 
1.02203 0.217692 
1.02348 0.212185 
1.02492 0.206645 
1.02637 0.20108 
1.02781 0.195493 
1.02926 0.189891 
1.0307 0.18428 
1.03215 0.178665 
1.03359 0.173051 
1.03504 0.167444 
1.03648 0.16185 
1.03793 0.156275 
1.03937 0.150723 
1.04081 0.145201 
1.04226 0.139713 
1.0437 0.134266 
1.04515 0.128865 
1.04659 0.123514 
1.04804 0.118219 
1.04948 0.112986 
1.05093 0.10782 
1.05237 0.102725 
1.05382 0.0977067 
1.05526 0.0927697 
1.0567 0.087919 
1.05815 0.0831592 
1.05959 0.0784949 
1.06104 0.0739306 
1.06248 0.0694706 
1.06393 0.0651193 
1.06537 0.0608806 
1.06682 0.0567588 
1.06826 0.0527575 
1.06971 0.0488806 
1.07115 0.0451317 
1.07259 0.0415143 
1.07404 0.0380315 
1.07548 0.0346867 
1.07693 0.0314828 
1.07837 0.0284227 
1.07982 0.0255091 
1.08126 0.0227445 
1.08271 0.0201314 
1.08415 0.0176718 
1.0856 0.0153678 
1.08704 0.0132214 
1.08849 0.0112342 
1.08993 0.00940768 
1.09137 0.00774323 
1.09282 0.006242 
1.09426 0.00490497 
1.09571 0.00373294 
1.09715 0.00272654 
1.0986 0.0018862 
1.10004 0.00121218 
1.10149 0.000704561 
1.10293 0.000363228 
1.10438 0.000187893 
1.10582 0.000178085 
1.10726 0.000333151 
1.10871 0.000652258 
1.11015 0.00113439 
1.1116 0.00177837 
1.11304 0.00258282 
1.11449 0.0035462 
1.11593 0.00466679 
1.11738 0.00594272 
1.11882 0.00737192 
1.12027 0.00895217 
1.12171 0.0106811 
1.12315 0.0125561 
1.1246 0.0145746 
1.12604 0.0167336 
1.12749 0.0190302 
1.12893 0.0214611 
1.13038 0.0240232 
1.13182 0.0267128 
1.13327 0.0295265 
1.13471 0.0324606 
1.13616 0.0355111 
1.1376 0.0386742 
1.13905 0.0419456 
1.14049 0.0453214 
1.14193 0.048797 
1.14338 0.0523681 
1.14482 0.0560303 
1.14627 0.0597787 
1.14771 0.0636089 
1.14916 0.0675159 
1.1506 0.0714949 
1.15205 0.075541 
1.15349 0.0796492 
1.15494 0.0838144 
1.15638 0.0880314 
1.15782 0.0922951 
1.15927 0.0966003 
1.16071 0.100942 
1.16216 0.105314 
1.1636 0.109712 
1.16505 0.11413 
1.16649 0.118563 
1.16794 0.123006 
1.16938 0.127453 
1.17083 0.131899 
1.17227 0.136338 
1.17371 0.140765 
1.17516 0.145175 
1.1766 0.149563 
1.17805 0.153923 
1.17949 0.158251 
1.18094 0.16254 
1.18238 0.166786 
1.18383 0.170984 
1.18527 0.175129 
1.18672 0.179216 
1.18816 0.18324 
1.18961 0.187196 
1.19105 0.19108 
1.19249 0.194888 
1.19394 0.198613 
1.19538 0.202253 
1.19683 0.205803 
1.19827 0.209259 
1.19972 0.212617 
1.20116 0.215872 
1.20261 0.219022 
1.20405 0.222062 
1.2055 0.224988 
1.20694 0.227799 
1.20838 0.230489 
1.20983 0.233057 
1.21127 0.235498 
1.21272 0.237812 
1.21416 0.239993 
1.21561 0.242041 
1.21705 0.243953 
1.2185 0.245727 
1.21994 0.24736 
1.22139 0.248851 
1.22283 0.250198 
1.22428 0.2514 
1.22572 0.252456 
1.22716 0.253363 
1.22861 0.254122 
1.23005 0.254732 
1.2315 0.255191 
1.23294 0.2555 
1.23439 0.255657 
1.23583 0.255664 
1.23728 0.25552 
1.23872 0.255226 
1.24017 0.254782 
1.24161 0.254188 
1.24305 0.253445 
1.2445 0.252555 
1.24594 0.251518 
1.24739 0.250336 
1.24883 0.24901 
1.25028 0.247542 
1.25172 0.245935 
1.25317 0.244188 
1.25461 0.242306 
1.25606 0.24029 
1.2575 0.238143 
1.25894 0.235867 
1.26039 0.233466 
1.26183 0.230941 
1.26328 0.228297 
1.26472 0.225535 
1.26617 0.222661 
1.26761 0.219676 
1.26906 0.216585 
1.2705 0.213392 
1.27195 0.2101 
1.27339 0.206713 
1.27484 0.203235 
1.27628 0.19967 
1.27772 0.196023 
1.27917 0.192297 
1.28061 0.188499 
1.28206 0.18463 
1.2835 0.180698 
1.28495 0.176705 
1.28639 0.172657 
1.28784 0.168558 
1.28928 0.164414 
1.29073 0.160229 
1.29217 0.156008 
1.29361 0.151756 
1.29506 0.147478 
1.2965 0.143179 
1.29795 0.138864 
1.29939 0.134538 
1.30084 0.130206 
1.30228 0.125873 
1.30373 0.121544 
1.30517 0.117224 
1.30662 0.112918 
1.30806 0.108632 
1.3095 0.104369 
1.31095 0.100135 
1.31239 0.0959345 
1.31384 0.0917727 
1.31528 0.0876541 
1.31673 0.0835833 
1.31817 0.079565 
1.31962 0.0756037 
1.32106 0.0717039 
1.32251 0.06787 
1.32395 0.0641062 
1.3254 0.0604168 
1.32684 0.0568058 
1.32828 0.0532772 
1.32973 0.049835 
1.33117 0.0464829 
1.33262 0.0432245 
1.33406 0.0400634 
1.33551 0.0370031 
1.33695 0.0340467 
1.3384 0.0311974 
1.33984 0.0284583 
1.34129 0.0258322 
1.34273 0.0233219 
1.34417 0.0209299 
1.34562 0.0186586 
1.34706 0.0165104 
1.34851 0.0144873 
1.34995 0.0125913 
1.3514 0.0108242 
1.35284 0.00918772 
1.35429 0.00768325 
1.35573 0.00631213 
1.35718 0.0050755 
1.35862 0.00397435 
1.36006 0.00300947 
1.36151 0.0021815 
1.36295 0.00149093 
1.3644 0.00093804 
1.36584 0.000522961 
1.36729 0.000245651 
1.36873 0.000105896 
1.37018 0.000103312 
1.37162 0.000237346 
1.37307 0.000507277 
1.37451 0.000912219 
1.37596 0.00145112 
1.3774 0.00212275 
1.37884 0.00292575 
1.38029 0.00385856 
1.38173 0.00491949 
1.38318 0.00610668 
1.38462 0.00741813 
1.38607 0.00885168 
1.38751 0.010405 
1.38896 0.0120757 
1.3904 0.0138611 
1.39185 0.0157586 
1.39329 0.0177652 
1.39473 0.0198779 
1.39618 0.0220937 
1.39762 0.0244093 
1.39907 0.0268213 
1.40051 0.0293262 
1.40196 0.0319205 
1.4034 0.0346005 
1.40485 0.0373624 
1.40629 0.0402023 
1.40774 0.0431162 
1.40918 0.0461 
1.41062 0.0491497 
1.41207 0.0522611 
1.41351 0.0554297 
1.41496 0.0586513 
1.4164 0.0619215 
1.41785 0.0652359 
1.41929 0.0685898 
1.42074 0.0719789 
1.42218 0.0753984 
1.42363 0.0788439 
1.42507 0.0823106 
1.42652 0.0857939 
1.42796 0.0892892 
1.4294 0.0927919 
1.43085 0.0962971 
1.43229 0.0998004 
1.43374 0.103297 
1.43518 0.106782 
1.43663 0.110252 
1.43807 0.113701 
1.43952 0.117125 
1.44096 0.120519 
1.44241 0.12388 
1.44385 0.127202 
