#F Si400_9keVum
#S 1 File written by xplot on Mon Jan 16 11:01:10 2023
#N 2
#L    Th-ThB{in} [microrad]  s-polarized
-12 0.0485242 
-11.9525 0.0475746 
-11.9049 0.0458858 
-11.8574 0.0435127 
-11.8098 0.0405348 
-11.7623 0.0370551 
-11.7148 0.0331973 
-11.6672 0.0291032 
-11.6197 0.0249285 
-11.5721 0.0208377 
-11.5246 0.0169976 
-11.4771 0.0135711 
-11.4295 0.010709 
-11.382 0.00854281 
-11.3344 0.00717775 
-11.2869 0.00668638 
-11.2394 0.00710429 
-11.1918 0.00842757 
-11.1443 0.0106126 
-11.0967 0.0135783 
-11.0492 0.0172103 
-11.0017 0.0213668 
-10.9541 0.025886 
-10.9066 0.0305937 
-10.859 0.0353113 
-10.8115 0.039863 
-10.764 0.0440824 
-10.7164 0.0478181 
-10.6689 0.0509383 
-10.6214 0.0533341 
-10.5738 0.0549223 
-10.5263 0.0556471 
-10.4787 0.0554813 
-10.4312 0.0544271 
-10.3837 0.0525162 
-10.3361 0.0498099 
-10.2886 0.046398 
-10.241 0.042398 
-10.1935 0.037952 
-10.146 0.0332242 
-10.0984 0.0283961 
-10.0509 0.0236606 
-10.0033 0.0192149 
-9.9558 0.0152518 
-9.90826 0.0119512 
-9.86072 0.00947002 
-9.81318 0.00793356 
-9.76564 0.0074278 
-9.7181 0.00799363 
-9.67056 0.00962382 
-9.62302 0.0122629 
-9.57548 0.0158101 
-9.52794 0.020125 
-9.4804 0.0250353 
-9.43286 0.0303458 
-9.38532 0.0358485 
-9.33778 0.0413318 
-9.29024 0.0465898 
-9.2427 0.0514293 
-9.19516 0.0556767 
-9.14762 0.0591822 
-9.10008 0.0618241 
-9.05254 0.0635111 
-9.005 0.0641836 
-8.95746 0.0638155 
-8.90992 0.0624145 
-8.86239 0.0600226 
-8.81485 0.0567158 
-8.76731 0.0526034 
-8.71977 0.0478273 
-8.67223 0.0425586 
-8.62469 0.0369949 
-8.57715 0.0313543 
-8.52961 0.0258686 
-8.48207 0.020774 
-8.43453 0.0163011 
-8.38699 0.0126622 
-8.33945 0.0100404 
-8.29191 0.00857734 
-8.24437 0.00836417 
-8.19683 0.00943467 
-8.14929 0.0117624 
-8.10175 0.0152615 
-8.05421 0.0197921 
-8.00667 0.0251683 
-7.95913 0.0311694 
-7.91159 0.037552 
-7.86405 0.0440623 
-7.81651 0.0504481 
-7.76897 0.0564687 
-7.72143 0.0619036 
-7.67389 0.0665591 
-7.62636 0.0702724 
-7.57882 0.0729158 
-7.53128 0.074398 
-7.48374 0.0746657 
-7.4362 0.0737047 
-7.38866 0.0715401 
-7.34112 0.0682373 
-7.29358 0.0639013 
-7.24604 0.0586768 
-7.1985 0.0527464 
-7.15096 0.0463282 
-7.10342 0.0396709 
-7.05588 0.0330465 
-7.00834 0.0267415 
-6.9608 0.0210437 
-6.91326 0.0162285 
-6.86572 0.0125429 
-6.81818 0.0101896 
-6.77064 0.00931269 
-6.7231 0.00998692 
-6.67556 0.012211 
-6.62802 0.0159066 
-6.58048 0.0209233 
-6.53294 0.0270486 
-6.4854 0.0340209 
-6.43786 0.0415465 
-6.39033 0.0493153 
-6.34279 0.0570168 
-6.29525 0.0643535 
-6.24771 0.071052 
-6.20017 0.0768707 
-6.15263 0.0816059 
-6.10509 0.0850954 
-6.05755 0.0872201 
-6.01001 0.0879054 
-5.96247 0.0871221 
-5.91493 0.0848871 
-5.86739 0.0812639 
-5.81985 0.0763636 
-5.77231 0.0703453 
-5.72477 0.0634157 
-5.67723 0.0558275 
-5.62969 0.0478752 
-5.58215 0.039888 
-5.53461 0.032219 
-5.48707 0.0252299 
-5.43953 0.0192729 
-5.39199 0.0146692 
-5.34445 0.0116869 
-5.29691 0.0105206 
-5.24937 0.0112745 
-5.20183 0.0139534 
-5.15429 0.0184599 
-5.10676 0.0246015 
-5.05922 0.0321043 
-5.01168 0.0406328 
-4.96414 0.0498122 
-4.9166 0.0592511 
-4.86906 0.0685625 
-4.82152 0.0773806 
-4.77398 0.0853743 
-4.72644 0.0922558 
-4.6789 0.0977863 
-4.63136 0.101779 
-4.58382 0.104098 
-4.53628 0.104664 
-4.48874 0.103448 
-4.4412 0.100476 
-4.39366 0.0958299 
-4.34612 0.0896479 
-4.29858 0.0821287 
-4.25104 0.0735311 
-4.2035 0.0641738 
-4.15596 0.0544319 
-4.10842 0.0447275 
-4.06088 0.035516 
-4.01334 0.0272649 
-3.9658 0.020427 
-3.91827 0.015409 
-3.87073 0.0125396 
-3.82319 0.0120399 
-3.77565 0.0140012 
-3.72811 0.0183749 
-3.68057 0.0249742 
-3.63303 0.0334897 
-3.58549 0.0435145 
-3.53795 0.0545765 
-3.49041 0.0661714 
-3.44287 0.0777946 
-3.39533 0.0889664 
-3.34779 0.0992514 
-3.30025 0.108271 
-3.25271 0.11571 
-3.20517 0.121319 
-3.15763 0.124913 
-3.11009 0.126372 
-3.06255 0.125637 
-3.01501 0.122714 
-2.96747 0.117673 
-2.91993 0.110652 
-2.87239 0.101863 
-2.82485 0.0915962 
-2.77731 0.0802224 
-2.72977 0.068196 
-2.68224 0.0560463 
-2.6347 0.0443636 
-2.58716 0.0337728 
-2.53962 0.0248966 
-2.49208 0.018309 
-2.44454 0.0144846 
-2.397 0.0137498 
-2.34946 0.0162459 
-2.30192 0.0219099 
-2.25438 0.0304775 
-2.20684 0.0415086 
-2.1593 0.0544293 
-2.11176 0.0685841 
-2.06422 0.0832877 
-2.01668 0.097871 
-1.96914 0.111717 
-1.9216 0.124281 
-1.87406 0.135108 
-1.82652 0.143827 
-1.77898 0.150159 
-1.73144 0.153901 
-1.6839 0.154929 
-1.63636 0.153191 
-1.58882 0.148711 
-1.54128 0.141586 
-1.49374 0.132003 
-1.44621 0.120243 
-1.39867 0.106696 
-1.35113 0.0918733 
-1.30359 0.0764093 
-1.25605 0.0610554 
-1.20851 0.0466562 
-1.16097 0.0341042 
-1.11343 0.0242729 
-1.06589 0.0179335 
-1.01835 0.0156665 
-0.970809 0.0177853 
-0.923269 0.0242887 
-0.87573 0.0348539 
-0.82819 0.0488735 
-0.780651 0.065527 
-0.733111 0.0838704 
-0.685571 0.102927 
-0.638032 0.121762 
-0.590492 0.139538 
-0.542952 0.155543 
-0.495413 0.169199 
-0.447873 0.180057 
-0.400334 0.187786 
-0.352794 0.192156 
-0.305254 0.193026 
-0.257715 0.190337 
-0.210175 0.184113 
-0.162636 0.174468 
-0.115096 0.161623 
-0.0675563 0.14593 
-0.0200167 0.127907 
0.0275229 0.108259 
0.0750626 0.0879007 
0.122602 0.067956 
0.170142 0.049715 
0.217681 0.0345499 
0.265221 0.0237801 
0.312761 0.0185025 
0.3603 0.0194224 
0.40784 0.0267252 
0.455379 0.040031 
0.502919 0.0584463 
0.550459 0.0806994 
0.597998 0.105319 
0.645538 0.130809 
0.693078 0.155792 
0.740617 0.179088 
0.788157 0.199751 
0.835696 0.217062 
0.883236 0.230498 
0.930776 0.239693 
0.978315 0.244405 
1.02585 0.244485 
1.07339 0.239867 
1.12093 0.230564 
1.16847 0.216691 
1.21601 0.198505 
1.26355 0.176463 
1.31109 0.151297 
1.35863 0.124093 
1.40617 0.0963505 
1.45371 0.0699918 
1.50125 0.0472648 
1.54879 0.0305188 
1.59633 0.0218489 
1.64387 0.0226837 
1.69141 0.033445 
1.73895 0.0534138 
1.78649 0.0808668 
1.83403 0.11343 
1.88157 0.148515 
1.92911 0.183695 
1.97665 0.216942 
2.02419 0.246712 
2.07173 0.271918 
2.11927 0.291844 
2.16681 0.306036 
2.21435 0.314213 
2.26188 0.316188 
2.30942 0.311826 
2.35696 0.301031 
2.4045 0.28377 
2.45204 0.260145 
2.49958 0.230515 
2.54712 0.195685 
2.59466 0.157147 
2.6422 0.117327 
2.68974 0.0797304 
2.73728 0.0487806 
2.78482 0.0291963 
2.83236 0.0248797 
2.8799 0.037679 
2.92744 0.0666462 
2.97498 0.108262 
3.02252 0.157521 
3.07006 0.209267 
3.1176 0.259183 
3.16514 0.304194 
3.21268 0.342412 
3.26022 0.372837 
3.30776 0.395023 
3.3553 0.408794 
3.40284 0.414037 
3.45038 0.410575 
3.49791 0.398101 
3.54545 0.376187 
3.59299 0.344386 
3.64053 0.302494 
3.68807 0.251053 
3.73561 0.192209 
3.78315 0.130846 
3.83069 0.0755088 
3.87823 0.0378497 
3.92577 0.029251 
3.97331 0.0552719 
4.02085 0.111942 
4.06839 0.187626 
4.11593 0.268847 
4.16347 0.345168 
4.21101 0.410671 
4.25855 0.463049 
4.30609 0.50205 
4.35363 0.528234 
4.40117 0.542193 
4.44871 0.544115 
4.49625 0.533527 
4.54379 0.509132 
4.59133 0.468741 
4.63887 0.409503 
4.68641 0.329095 
4.73394 0.229297 
4.78148 0.123703 
4.82902 0.0461561 
4.87656 0.0414089 
4.9241 0.124992 
4.97164 0.26125 
5.01918 0.400143 
5.06672 0.513952 
5.11426 0.597103 
5.1618 0.653398 
5.20934 0.688024 
5.25688 0.704629 
5.30442 0.704467 
5.35196 0.685786 
5.3995 0.642478 
5.44704 0.561283 
5.49458 0.419123 
5.54212 0.202693 
5.58966 0.0372674 
5.6372 0.196212 
5.68474 0.500191 
5.73228 0.699385 
5.77982 0.801753 
5.82736 0.851641 
5.8749 0.872213 
5.92244 0.870341 
5.96997 0.835502 
6.01751 0.692331 
6.06505 0.0581885 
6.11259 0.80585 
6.16013 0.964862 
6.20767 0.987701 
6.25521 0.992541 
6.30275 0.993417 
6.35029 0.993168 
6.39783 0.992567 
6.44537 0.991862 
6.49291 0.99114 
6.54045 0.990434 
6.58799 0.989753 
6.63553 0.9891 
6.68307 0.988475 
6.73061 0.987875 
6.77815 0.987297 
6.82569 0.98674 
6.87323 0.986202 
6.92077 0.98568 
6.96831 0.985174 
7.01585 0.984681 
7.06339 0.984201 
7.11093 0.983732 
7.15847 0.983273 
7.20601 0.982824 
7.25354 0.982384 
7.30108 0.981952 
7.34862 0.981527 
7.39616 0.98111 
7.4437 0.980699 
7.49124 0.980294 
7.53878 0.979895 
7.58632 0.979501 
7.63386 0.979113 
7.6814 0.978729 
7.72894 0.978349 
7.77648 0.977974 
7.82402 0.977602 
7.87156 0.977235 
7.9191 0.976871 
7.96664 0.97651 
8.01418 0.976153 
8.06172 0.975798 
8.10926 0.975446 
8.1568 0.975097 
8.20434 0.974751 
8.25188 0.974407 
8.29942 0.974066 
8.34696 0.973726 
8.3945 0.973389 
8.44203 0.973054 
8.48957 0.97272 
8.53711 0.972389 
8.58465 0.972059 
8.63219 0.97173 
8.67973 0.971404 
8.72727 0.971078 
8.77481 0.970755 
8.82235 0.970432 
8.86989 0.970111 
8.91743 0.969791 
8.96497 0.969472 
9.01251 0.969154 
9.06005 0.968837 
9.10759 0.968521 
9.15513 0.968206 
9.20267 0.967892 
9.25021 0.967579 
9.29775 0.967266 
9.34529 0.966954 
9.39283 0.966643 
9.44037 0.966332 
9.48791 0.966022 
9.53545 0.965713 
9.58299 0.965404 
9.63053 0.965096 
9.67807 0.964787 
9.72561 0.96448 
9.77314 0.964172 
9.82068 0.963865 
9.86822 0.963558 
9.91576 0.963252 
9.9633 0.962945 
10.0108 0.962639 
10.0584 0.962333 
10.1059 0.962027 
10.1535 0.961721 
10.201 0.961415 
10.2485 0.961109 
10.2961 0.960803 
10.3436 0.960497 
10.3912 0.960191 
10.4387 0.959885 
10.4862 0.959579 
10.5338 0.959272 
10.5813 0.958966 
10.6289 0.958659 
10.6764 0.958352 
10.7239 0.958045 
10.7715 0.957737 
10.819 0.957429 
10.8666 0.957121 
10.9141 0.956812 
10.9616 0.956503 
11.0092 0.956193 
11.0567 0.955883 
11.1043 0.955573 
11.1518 0.955262 
11.1993 0.95495 
11.2469 0.954638 
11.2944 0.954326 
11.342 0.954012 
11.3895 0.953699 
11.437 0.953384 
11.4846 0.953069 
11.5321 0.952753 
11.5796 0.952436 
11.6272 0.952119 
11.6747 0.951801 
11.7223 0.951482 
11.7698 0.951162 
11.8173 0.950842 
11.8649 0.95052 
11.9124 0.950198 
11.96 0.949875 
12.0075 0.94955 
12.055 0.949225 
12.1026 0.948899 
12.1501 0.948572 
12.1977 0.948243 
12.2452 0.947914 
12.2927 0.947583 
12.3403 0.947252 
12.3878 0.946919 
12.4354 0.946585 
12.4829 0.94625 
12.5304 0.945913 
12.578 0.945576 
12.6255 0.945237 
12.6731 0.944896 
12.7206 0.944555 
12.7681 0.944212 
12.8157 0.943867 
12.8632 0.943521 
12.9108 0.943174 
12.9583 0.942825 
13.0058 0.942475 
13.0534 0.942123 
13.1009 0.941769 
13.1485 0.941414 
13.196 0.941057 
13.2435 0.940699 
13.2911 0.940338 
13.3386 0.939976 
13.3862 0.939612 
13.4337 0.939247 
13.4812 0.938879 
13.5288 0.93851 
13.5763 0.938139 
13.6239 0.937765 
13.6714 0.93739 
13.7189 0.937013 
13.7665 0.936633 
13.814 0.936252 
13.8616 0.935868 
13.9091 0.935482 
13.9566 0.935094 
14.0042 0.934703 
14.0517 0.934311 
14.0992 0.933915 
14.1468 0.933518 
14.1943 0.933118 
14.2419 0.932715 
14.2894 0.93231 
14.3369 0.931902 
14.3845 0.931492 
14.432 0.931079 
14.4796 0.930663 
14.5271 0.930244 
14.5746 0.929823 
14.6222 0.929398 
14.6697 0.928971 
14.7173 0.928541 
14.7648 0.928107 
14.8123 0.927671 
14.8599 0.927231 
14.9074 0.926788 
14.955 0.926341 
15.0025 0.925891 
15.05 0.925438 
15.0976 0.924981 
15.1451 0.924521 
15.1927 0.924057 
15.2402 0.923589 
15.2877 0.923117 
15.3353 0.922642 
15.3828 0.922162 
15.4304 0.921679 
15.4779 0.921191 
15.5254 0.920699 
15.573 0.920203 
15.6205 0.919703 
15.6681 0.919198 
15.7156 0.918688 
15.7631 0.918174 
15.8107 0.917655 
15.8582 0.917131 
15.9058 0.916602 
15.9533 0.916068 
16.0008 0.915529 
16.0484 0.914985 
16.0959 0.914435 
16.1435 0.91388 
16.191 0.913319 
16.2385 0.912752 
16.2861 0.91218 
16.3336 0.911601 
16.3812 0.911016 
16.4287 0.910425 
16.4762 0.909828 
16.5238 0.909224 
16.5713 0.908613 
16.6188 0.907995 
16.6664 0.90737 
16.7139 0.906738 
16.7615 0.906098 
16.809 0.905451 
16.8565 0.904796 
16.9041 0.904133 
16.9516 0.903462 
16.9992 0.902782 
17.0467 0.902094 
17.0942 0.901397 
17.1418 0.900691 
17.1893 0.899976 
17.2369 0.899251 
17.2844 0.898517 
17.3319 0.897772 
17.3795 0.897017 
17.427 0.896251 
17.4746 0.895475 
17.5221 0.894687 
17.5696 0.893888 
17.6172 0.893077 
17.6647 0.892253 
17.7123 0.891417 
17.7598 0.890569 
17.8073 0.889706 
17.8549 0.888831 
17.9024 0.887941 
17.95 0.887036 
17.9975 0.886116 
18.045 0.885181 
18.0926 0.88423 
18.1401 0.883262 
18.1877 0.882278 
18.2352 0.881275 
18.2827 0.880254 
18.3303 0.879215 
18.3778 0.878156 
18.4254 0.877076 
18.4729 0.875976 
18.5204 0.874854 
18.568 0.87371 
18.6155 0.872542 
18.6631 0.87135 
18.7106 0.870133 
18.7581 0.868889 
18.8057 0.867619 
18.8532 0.86632 
18.9008 0.864992 
18.9483 0.863633 
18.9958 0.862242 
19.0434 0.860818 
19.0909 0.85936 
19.1384 0.857864 
19.186 0.856332 
19.2335 0.854759 
19.2811 0.853145 
19.3286 0.851487 
19.3761 0.849784 
19.4237 0.848033 
19.4712 0.846232 
19.5188 0.844378 
19.5663 0.842468 
19.6138 0.8405 
19.6614 0.83847 
19.7089 0.836375 
19.7565 0.834212 
19.804 0.831975 
19.8515 0.829661 
19.8991 0.827265 
19.9466 0.824783 
19.9942 0.822208 
20.0417 0.819535 
20.0892 0.816757 
20.1368 0.813867 
20.1843 0.810857 
20.2319 0.807719 
20.2794 0.804444 
20.3269 0.801021 
20.3745 0.797439 
20.422 0.793685 
20.4696 0.789747 
20.5171 0.785608 
20.5646 0.781253 
20.6122 0.776662 
20.6597 0.771816 
20.7073 0.766691 
20.7548 0.761263 
20.8023 0.755505 
20.8499 0.749386 
20.8974 0.742872 
20.945 0.73593 
20.9925 0.728519 
21.04 0.7206 
21.0876 0.712131 
21.1351 0.703071 
21.1827 0.693382 
21.2302 0.683032 
21.2777 0.671997 
21.3253 0.660274 
21.3728 0.647878 
21.4203 0.634856 
21.4679 0.621283 
21.5154 0.607269 
21.563 0.592941 
21.6105 0.578436 
21.658 0.563869 
21.7056 0.549323 
21.7531 0.534834 
21.8007 0.520409 
21.8482 0.506052 
21.8957 0.491806 
21.9433 0.477783 
21.9908 0.464176 
22.0384 0.451237 
22.0859 0.439229 
22.1334 0.428364 
22.181 0.418731 
22.2285 0.410257 
22.2761 0.402703 
22.3236 0.3957 
22.3711 0.388813 
22.4187 0.381624 
22.4662 0.3738 
22.5138 0.365144 
22.5613 0.355624 
22.6088 0.34538 
22.6564 0.334707 
22.7039 0.324024 
22.7515 0.313823 
22.799 0.304605 
22.8465 0.296804 
22.8941 0.290717 
22.9416 0.286447 
22.9892 0.283886 
23.0367 0.282722 
23.0842 0.282494 
23.1318 0.282653 
23.1793 0.282638 
23.2269 0.281941 
23.2744 0.280151 
23.3219 0.276989 
23.3695 0.272312 
23.417 0.266127 
23.4646 0.258574 
23.5121 0.249925 
23.5596 0.24056 
23.6072 0.230945 
23.6547 0.221597 
23.7023 0.213044 
23.7498 0.20577 
23.7973 0.200161 
23.8449 0.196462 
23.8924 0.194743 
23.94 0.194887 
23.9875 0.196611 
24.035 0.199495 
24.0826 0.203042 
24.1301 0.206723 
24.1776 0.210034 
24.2252 0.212529 
24.2727 0.213849 
24.3203 0.213737 
24.3678 0.212045 
24.4153 0.208729 
24.4629 0.203849 
24.5104 0.197565 
24.558 0.190126 
24.6055 0.181858 
24.653 0.173157 
24.7006 0.16446 
24.7481 0.156225 
24.7957 0.148897 
24.8432 0.142871 
24.8907 0.138454 
24.9383 0.135839 
24.9858 0.135082 
25.0334 0.136093 
25.0809 0.138654 
25.1284 0.142434 
25.176 0.147032 
25.2235 0.152008 
25.2711 0.15692 
25.3186 0.161361 
25.3661 0.164974 
25.4137 0.167472 
25.4612 0.168646 
25.5088 0.168368 
25.5563 0.166587 
25.6038 0.163334 
25.6514 0.158711 
25.6989 0.152892 
25.7465 0.146113 
25.794 0.138666 
25.8415 0.13089 
25.8891 0.123151 
25.9366 0.115827 
25.9842 0.109284 
26.0317 0.103851 
26.0792 0.0997917 
26.1268 0.0972871 
26.1743 0.0964155 
26.2219 0.0971472 
26.2694 0.0993476 
26.3169 0.10279 
26.3645 0.107177 
26.412 0.112164 
26.4596 0.117389 
26.5071 0.122494 
26.5546 0.127149 
26.6022 0.131065 
26.6497 0.134005 
26.6972 0.135792 
26.7448 0.136311 
26.7923 0.135507 
26.8399 0.133387 
26.8874 0.130019 
26.9349 0.125522 
26.9825 0.120069 
27.03 0.113881 
27.0776 0.107215 
27.1251 0.10036 
27.1726 0.0936243 
27.2202 0.0873157 
27.2677 0.0817295 
27.3153 0.0771274 
27.3628 0.0737199 
27.4103 0.0716507 
27.4579 0.0709852 
27.5054 0.071706 
27.553 0.0737144 
27.6005 0.0768389 
27.648 0.080849 
27.6956 0.0854734 
27.7431 0.0904188 
27.7907 0.0953883 
27.8382 0.100099 
27.8857 0.104293 
27.9333 0.107751 
27.9808 0.110296 
28.0284 0.111798 
28.0759 0.112178 
28.1234 0.111403 
28.171 0.109492 
28.2185 0.106508 
28.2661 0.102559 
28.3136 0.0977942 
28.3611 0.0924 
28.4087 0.0865927 
28.4562 0.0806124 
28.5038 0.0747128 
28.5513 0.0691502 
28.5988 0.0641699 
28.6464 0.0599928 
28.6939 0.0568016 
28.7415 0.0547286 
28.789 0.053847 
28.8365 0.0541652 
28.8841 0.0556269 
28.9316 0.0581156 
28.9791 0.0614629 
29.0267 0.065461 
29.0742 0.0698762 
29.1218 0.0744634 
29.1693 0.0789795 
29.2168 0.0831955 
29.2644 0.0869055 
29.3119 0.0899347 
29.3595 0.0921434 
29.407 0.093431 
29.4545 0.0937366 
29.5021 0.0930399 
29.5496 0.09136 
29.5972 0.0887547 
29.6447 0.085318 
29.6922 0.0811774 
29.7398 0.0764906 
29.7873 0.0714398 
29.8349 0.0662265 
29.8824 0.061063 
29.9299 0.0561638 
29.9775 0.0517355 
30.025 0.0479659 
30.0726 0.0450135 
30.1201 0.0429981 
30.1676 0.0419931 
30.2152 0.0420212 
30.2627 0.0430525 
30.3103 0.0450075 
30.3578 0.047762 
30.4053 0.0511556 
30.4529 0.055002 
30.5004 0.0590999 
30.548 0.0632435 
30.5955 0.0672329 
30.643 0.0708829 
30.6906 0.0740292 
30.7381 0.0765346 
30.7857 0.0782918 
30.8332 0.079226 
30.8807 0.0792963 
30.9283 0.078495 
30.9758 0.0768481 
31.0234 0.0744131 
31.0709 0.071278 
31.1184 0.0675579 
31.166 0.0633922 
31.2135 0.05894 
31.2611 0.0543746 
31.3086 0.049877 
31.3561 0.0456283 
31.4037 0.0418018 
31.4512 0.0385542 
31.4987 0.036017 
31.5463 0.0342899 
31.5938 0.0334343 
31.6414 0.03347 
31.6889 0.0343743 
31.7364 0.0360831 
31.784 0.0384957 
31.8315 0.0414806 
31.8791 0.0448835 
31.9266 0.0485356 
31.9741 0.0522629 
32.0217 0.0558938 
32.0692 0.0592666 
32.1168 0.062236 
32.1643 0.0646771 
32.2118 0.0664898 
32.2594 0.0676007 
32.3069 0.0679644 
32.3545 0.0675646 
32.402 0.0664132 
32.4495 0.0645503 
32.4971 0.0620419 
32.5446 0.0589789 
32.5922 0.0554734 
32.6397 0.0516561 
32.6872 0.0476714 
32.7348 0.0436726 
32.7823 0.0398158 
32.8299 0.0362533 
32.8774 0.0331267 
32.9249 0.0305601 
32.9725 0.0286538 
33.02 0.0274786 
33.0676 0.0270721 
33.1151 0.0274367 
33.1626 0.0285395 
33.2102 0.0303145 
33.2577 0.0326665 
33.3053 0.0354766 
33.3528 0.0386087 
33.4003 0.0419164 
33.4479 0.0452504 
33.4954 0.0484646 
33.543 0.0514224 
33.5905 0.0540015 
33.638 0.0560976 
33.6856 0.0576279 
33.7331 0.0585324 
33.7807 0.0587756 
33.8282 0.0583469 
33.8757 0.0572601 
33.9233 0.0555533 
33.9708 0.053287 
34.0183 0.0505426 
34.0659 0.0474199 
34.1134 0.0440338 
34.161 0.0405107 
34.2085 0.0369839 
34.256 0.0335885 
34.3036 0.0304557 
34.3511 0.0277075 
34.3987 0.0254505 
34.4462 0.0237708 
34.4937 0.0227297 
34.5413 0.0223606 
34.5888 0.022667 
34.6364 0.0236226 
34.6839 0.025173 
34.7314 0.0272385 
34.779 0.029719 
34.8265 0.0324985 
34.8741 0.0354515 
34.9216 0.0384486 
34.9691 0.0413621 
35.0167 0.0440712 
35.0642 0.0464665 
35.1118 0.048453 
35.1593 0.0499538 
35.2068 0.0509115 
35.2544 0.0512896 
35.3019 0.0510731 
35.3495 0.050269 
35.397 0.0489051 
35.4445 0.0470295 
35.4921 0.0447092 
35.5396 0.0420274 
35.5872 0.0390816 
35.6347 0.03598 
35.6822 0.032838 
35.7298 0.0297737 
35.7773 0.0269033 
35.8249 0.0243364 
35.8724 0.0221709 
35.9199 0.0204886 
35.9675 0.0193514 
36.015 0.0187977 
36.0626 0.0188412 
36.1101 0.0194698 
36.1576 0.0206464 
36.2052 0.0223113 
36.2527 0.024385 
36.3003 0.0267723 
36.3478 0.0293673 
36.3953 0.032058 
36.4429 0.0347312 
36.4904 0.0372774 
36.5379 0.0395946 
36.5855 0.041592 
36.633 0.0431928 
36.6806 0.0443365 
36.7281 0.0449802 
36.7756 0.0450999 
36.8232 0.0446905 
36.8707 0.0437661 
36.9183 0.0423591 
36.9658 0.0405192 
37.0133 0.0383119 
37.0609 0.0358163 
37.1084 0.0331227 
37.156 0.0303296 
37.2035 0.0275402 
37.251 0.0248583 
37.2986 0.0223847 
37.3461 0.0202123 
37.3937 0.0184228 
37.4412 0.0170821 
37.4887 0.0162383 
37.5363 0.0159182 
37.5838 0.016127 
37.6314 0.0168476 
37.6789 0.0180419 
37.7264 0.0196525 
37.774 0.0216056 
37.8215 0.023815 
37.8691 0.0261859 
37.9166 0.0286189 
37.9641 0.0310145 
38.0117 0.0332769 
38.0592 0.0353176 
38.1068 0.037058 
38.1543 0.0384326 
38.2018 0.0393901 
38.2494 0.0398952 
38.2969 0.0399293 
38.3445 0.0394909 
38.392 0.0385949 
38.4395 0.037273 
38.4871 0.0355718 
38.5346 0.0335515 
38.5822 0.0312844 
38.6297 0.0288521 
38.6772 0.0263429 
38.7248 0.0238488 
38.7723 0.0214618 
38.8199 0.0192705 
38.8674 0.0173564 
38.9149 0.0157903 
38.9625 0.0146293 
39.01 0.0139142 
39.0575 0.0136675 
39.1051 0.0138925 
39.1526 0.0145732 
39.2002 0.0156748 
39.2477 0.0171463 
39.2952 0.0189221 
39.3428 0.0209257 
39.3903 0.0230729 
39.4379 0.0252756 
39.4854 0.0274452 
39.5329 0.0294964 
39.5805 0.0313499 
39.628 0.0329354 
39.6756 0.0341938 
39.7231 0.0350785 
39.7706 0.0355574 
39.8182 0.0356131 
39.8657 0.0352433 
39.9133 0.0344608 
39.9608 0.0332931 
40.0083 0.0317813 
40.0559 0.0299789 
40.1034 0.0279499 
40.151 0.025767 
40.1985 0.0235089 
40.246 0.0212577 
40.2936 0.0190957 
40.3411 0.0171023 
40.3887 0.0153509 
40.4362 0.0139058 
40.4837 0.0128193 
40.5313 0.0121294 
40.5788 0.0118583 
40.6264 0.0120111 
40.6739 0.012576 
40.7214 0.0135247 
40.769 0.0148137 
40.8165 0.0163867 
40.8641 0.0181768 
40.9116 0.02011 
40.9591 0.0221078 
41.0067 0.024091 
41.0542 0.0259821 
41.1017 0.0277089 
41.1493 0.0292061 
41.1968 0.0304184 
41.2444 0.0313012 
41.2919 0.0318225 
41.3395 0.0319636 
41.387 0.0317194 
41.4345 0.0310983 
41.4821 0.030122 
41.5296 0.0288249 
41.5771 0.0272527 
41.6247 0.025461 
41.6722 0.0235136 
41.7198 0.0214802 
41.7673 0.0194342 
41.8148 0.0174498 
41.8624 0.0155992 
41.9099 0.0139501 
41.9575 0.0125625 
42.005 0.0114864 
42.0525 0.0107598 
42.1001 0.0104067 
42.1476 0.0104363 
42.1952 0.0108426 
42.2427 0.0116047 
42.2902 0.0126879 
42.3378 0.0140451 
42.3853 0.0156192 
42.4329 0.0173457 
42.4804 0.019155 
42.5279 0.0209758 
42.5755 0.0227374 
42.623 0.0243728 
42.6706 0.0258204 
42.7181 0.0270268 
42.7656 0.0279479 
42.8132 0.0285503 
42.8607 0.0288125 
42.9083 0.0287251 
42.9558 0.0282912 
43.0033 0.0275258 
43.0509 0.0264559 
43.0984 0.0251191 
43.146 0.0235624 
43.1935 0.0218411 
43.241 0.0200162 
43.2886 0.0181533 
43.3361 0.0163193 
43.3837 0.0145805 
43.4312 0.013 
43.4787 0.0116351 
43.5263 0.0105348 
43.5738 0.00973811 
43.6213 0.00927225 
43.6689 0.00915139 
43.7164 0.00937612 
43.764 0.00993355 
43.8115 0.0107979 
43.8591 0.0119315 
43.9066 0.013287 
43.9541 0.0148089 
44.0017 0.0164362 
44.0492 0.0181049 
44.0967 0.0197504 
44.1443 0.0213101 
44.1918 0.0227255 
44.2394 0.0239443 
44.2869 0.0249219 
44.3344 0.0256229 
44.382 0.0260224 
44.4295 0.0261061 
44.4771 0.0258711 
44.5246 0.0253255 
44.5721 0.0244885 
44.6197 0.0233894 
44.6672 0.0220669 
44.7148 0.0205675 
44.7623 0.0189444 
44.8098 0.0172552 
44.8574 0.0155604 
44.9049 0.0139208 
44.9525 0.0123953 
45 0.0110392 
