-2.20673 0.00673596 
-2.1707 0.00547729 
-2.13467 0.00449473 
-2.09864 0.00381585 
-2.06262 0.0034626 
-2.02659 0.0034507 
-1.99056 0.0037891 
-1.95453 0.00447966 
-1.9185 0.00551695 
-1.88247 0.00688831 
-1.84644 0.00857405 
-1.81041 0.0105479 
-1.77438 0.0127774 
-1.73836 0.0152249 
-1.70233 0.0178483 
-1.6663 0.0206018 
-1.63027 0.023437 
-1.59424 0.0263042 
-1.55821 0.0291526 
-1.52218 0.0319324 
-1.48615 0.0345946 
-1.45013 0.0370927 
-1.4141 0.0393828 
-1.37807 0.0414248 
-1.34204 0.0431827 
-1.30601 0.0446253 
-1.26998 0.0457265 
-1.23395 0.0464658 
-1.19792 0.0468283 
-1.16189 0.0468053 
-1.12587 0.0463945 
-1.08984 0.0455998 
-1.05381 0.0444317 
-1.01778 0.0429072 
-0.98175 0.0410497 
-0.945722 0.0388892 
-0.909693 0.0364617 
-0.873664 0.0338094 
-0.837635 0.0309799 
-0.801606 0.0280258 
-0.765577 0.0250041 
-0.729548 0.0219755 
-0.69352 0.0190031 
-0.657491 0.0161514 
-0.621462 0.0134851 
-0.585433 0.0110677 
-0.549404 0.00895973 
-0.513375 0.00721735 
-0.477347 0.00589086 
-0.441318 0.00502307 
-0.405289 0.00464797 
-0.36926 0.00478954 
-0.333231 0.00546085 
-0.297202 0.00666341 
-0.261173 0.00838693 
-0.225145 0.0106094 
-0.189116 0.0132975 
-0.153087 0.0164075 
-0.117058 0.0198863 
-0.0810293 0.0236726 
-0.0450004 0.0276988 
-0.0089716 0.0318922 
0.0270572 0.0361772 
0.0630861 0.0404764 
0.0991149 0.0447128 
0.135144 0.0488108 
0.171173 0.0526978 
0.207201 0.0563054 
0.24323 0.0595703 
0.279259 0.0624353 
0.315288 0.0648498 
0.351317 0.0667708 
0.387346 0.0681628 
0.423375 0.0689988 
0.459403 0.0692603 
0.495432 0.0689375 
0.531461 0.06803 
0.56749 0.0665466 
0.603519 0.064506 
0.639548 0.0619364 
0.675576 0.0588764 
0.711605 0.0553745 
0.747634 0.0514894 
0.783663 0.0472895 
0.819692 0.042853 
0.855721 0.0382669 
0.891749 0.0336261 
0.927778 0.0290323 
0.963807 0.0245919 
0.999836 0.0204143 
1.03586 0.0166092 
1.07189 0.0132836 
1.10792 0.010539 
1.14395 0.00846778 
1.17998 0.00715008 
1.21601 0.00665064 
1.25204 0.00701599 
1.28807 0.0082723 
1.3241 0.0104238 
1.36012 0.0134522 
1.39615 0.0173165 
1.43218 0.0219548 
1.46821 0.0272852 
1.50424 0.0332091 
1.54027 0.0396142 
1.5763 0.0463774 
1.61233 0.053369 
1.64836 0.0604557 
1.68438 0.0675042 
1.72041 0.0743839 
1.75644 0.0809696 
1.79247 0.0871434 
1.8285 0.0927964 
1.86453 0.0978301 
1.90056 0.102157 
1.93659 0.105701 
1.97261 0.108399 
2.00864 0.110199 
2.04467 0.111062 
2.0807 0.110964 
2.11673 0.109891 
2.15276 0.107847 
2.18879 0.104846 
2.22482 0.100922 
2.26085 0.096124 
2.29687 0.090519 
2.3329 0.0841937 
2.36893 0.0772552 
2.40496 0.0698322 
2.44099 0.0620751 
2.47702 0.054156 
2.51305 0.0462674 
2.54908 0.0386197 
2.58511 0.0314371 
2.62113 0.0249521 
2.65716 0.019398 
2.69319 0.0150005 
2.72922 0.0119673 
2.76525 0.010478 
2.80128 0.0106738 
2.83731 0.0126485 
2.87334 0.0164415 
2.90936 0.0220335 
2.94539 0.0293462 
2.98142 0.0382445 
3.01745 0.0485431 
3.05348 0.0600145 
3.08951 0.0724002 
3.12554 0.0854214 
3.16157 0.0987904 
3.1976 0.112221 
3.23362 0.125436 
3.26965 0.138175 
3.30568 0.150199 
3.34171 0.161291 
3.37774 0.171261 
3.41377 0.17994 
3.4498 0.187186 
3.48583 0.192874 
3.52185 0.196903 
3.55788 0.199188 
3.59391 0.199661 
3.62994 0.198271 
3.66597 0.194986 
3.702 0.189794 
3.73803 0.182704 
3.77406 0.173758 
3.81009 0.163034 
3.84611 0.150656 
3.88214 0.136808 
3.91817 0.121747 
3.9542 0.105814 
3.99023 0.0894494 
4.02626 0.0731995 
4.06229 0.0577182 
4.09832 0.0437549 
4.13435 0.0321276 
4.17037 0.0236767 
4.2064 0.0192011 
4.24243 0.0193805 
4.27846 0.0246957 
4.31449 0.0353597 
4.35052 0.0512758 
4.38655 0.0720327 
4.42258 0.0969399 
4.4586 0.125097 
4.49463 0.155481 
4.53066 0.187039 
4.56669 0.218766 
4.60272 0.249762 
4.63875 0.279262 
4.67478 0.306648 
4.71081 0.331434 
4.74684 0.353254 
4.78286 0.371826 
4.81889 0.386927 
4.85492 0.398365 
4.89095 0.40595 
4.92698 0.409468 
4.96301 0.40866 
4.99904 0.403205 
5.03507 0.392701 
5.0711 0.376669 
5.10712 0.354565 
5.14315 0.32585 
5.17918 0.290135 
5.21521 0.247484 
5.25124 0.198975 
5.28727 0.14758 
5.3233 0.0993038 
5.35933 0.0639432 
5.39535 0.0540241 
5.43138 0.0804125 
5.46741 0.145762 
5.50344 0.24116 
5.53947 0.350186 
5.5755 0.45699 
5.61153 0.551571 
5.64756 0.630146 
5.68359 0.692997 
5.71961 0.742254 
5.75564 0.780506 
5.79167 0.810143 
5.8277 0.833146 
5.86373 0.851072 
5.89976 0.86511 
5.93579 0.87616 
5.97182 0.8849 
6.00785 0.891841 
6.04387 0.89737 
6.0799 0.901783 
6.11593 0.905307 
6.15196 0.908115 
6.18799 0.910345 
6.22402 0.912104 
6.26005 0.913475 
6.29608 0.914526 
6.3321 0.91531 
6.36813 0.915872 
6.40416 0.916245 
6.44019 0.91646 
6.47622 0.916539 
6.51225 0.916502 
6.54828 0.916365 
6.58431 0.916141 
6.62034 0.915841 
6.65636 0.915476 
6.69239 0.915052 
6.72842 0.914577 
6.76445 0.914057 
6.80048 0.913496 
6.83651 0.912898 
6.87254 0.912267 
6.90857 0.911606 
6.9446 0.910918 
6.98062 0.910205 
7.01665 0.909469 
7.05268 0.908712 
7.08871 0.907934 
7.12474 0.907138 
7.16077 0.906325 
7.1968 0.905495 
7.23283 0.904649 
7.26885 0.903788 
7.30488 0.902912 
7.34091 0.902023 
7.37694 0.90112 
7.41297 0.900204 
7.449 0.899275 
7.48503 0.898334 
7.52106 0.89738 
7.55709 0.896414 
7.59311 0.895435 
7.62914 0.894445 
7.66517 0.893442 
7.7012 0.892428 
7.73723 0.891401 
7.77326 0.890362 
7.80929 0.88931 
7.84532 0.888247 
7.88134 0.88717 
7.91737 0.886082 
7.9534 0.88498 
7.98943 0.883865 
8.02546 0.882737 
8.06149 0.881595 
8.09752 0.88044 
8.13355 0.87927 
8.16958 0.878086 
8.2056 0.876887 
8.24163 0.875673 
8.27766 0.874444 
8.31369 0.873199 
8.34972 0.871938 
8.38575 0.87066 
8.42178 0.869365 
8.45781 0.868052 
8.49384 0.866722 
8.52986 0.865372 
8.56589 0.864004 
8.60192 0.862616 
8.63795 0.861207 
8.67398 0.859778 
8.71001 0.858327 
8.74604 0.856853 
8.78207 0.855357 
8.81809 0.853837 
8.85412 0.852292 
8.89015 0.850721 
8.92618 0.849125 
8.96221 0.847501 
8.99824 0.845849 
9.03427 0.844168 
9.0703 0.842456 
9.10633 0.840713 
9.14235 0.838937 
9.17838 0.837127 
9.21441 0.835282 
9.25044 0.833401 
9.28647 0.831481 
9.3225 0.829522 
9.35853 0.827522 
9.39456 0.825478 
9.43059 0.82339 
9.46661 0.821254 
9.50264 0.81907 
9.53867 0.816835 
9.5747 0.814547 
9.61073 0.812202 
9.64676 0.809799 
9.68279 0.807335 
9.71882 0.804806 
9.75484 0.80221 
9.79087 0.799543 
9.8269 0.796801 
9.86293 0.793981 
9.89896 0.791078 
9.93499 0.788088 
9.97102 0.785006 
10.007 0.781827 
10.0431 0.778544 
10.0791 0.775153 
10.1151 0.771647 
10.1512 0.768018 
10.1872 0.764259 
10.2232 0.760362 
10.2592 0.756317 
10.2953 0.752115 
10.3313 0.747746 
10.3673 0.743197 
10.4034 0.738457 
10.4394 0.733511 
10.4754 0.728345 
10.5115 0.722942 
10.5475 0.717284 
10.5835 0.711351 
10.6195 0.705123 
10.6556 0.698575 
10.6916 0.691681 
10.7276 0.684414 
10.7637 0.676743 
10.7997 0.668632 
10.8357 0.660047 
10.8717 0.650945 
10.9078 0.641285 
10.9438 0.631018 
10.9798 0.620096 
11.0159 0.608465 
11.0519 0.596069 
11.0879 0.582854 
11.1239 0.568762 
11.16 0.553742 
11.196 0.537747 
11.232 0.520741 
11.2681 0.502705 
11.3041 0.483648 
11.3401 0.463609 
11.3761 0.442676 
11.4122 0.420996 
11.4482 0.398786 
11.4842 0.376342 
11.5203 0.354047 
11.5563 0.33236 
11.5923 0.311804 
11.6283 0.292924 
11.6644 0.276249 
11.7004 0.262223 
11.7364 0.251157 
11.7725 0.243175 
11.8085 0.238198 
11.8445 0.235945 
11.8805 0.235974 
11.9166 0.237731 
11.9526 0.240613 
11.9886 0.244024 
12.0247 0.24742 
12.0607 0.250335 
12.0967 0.252397 
12.1327 0.253323 
12.1688 0.25292 
12.2048 0.251069 
12.2408 0.247716 
12.2769 0.242859 
12.3129 0.23654 
12.3489 0.228839 
12.385 0.219868 
12.421 0.209766 
12.457 0.198701 
12.493 0.186862 
12.5291 0.174465 
12.5651 0.161744 
12.6011 0.148953 
12.6372 0.136358 
12.6732 0.124229 
12.7092 0.112837 
12.7452 0.102438 
12.7813 0.0932659 
12.8173 0.0855171 
12.8533 0.0793441 
12.8894 0.0748441 
12.9254 0.0720543 
12.9614 0.0709496 
12.9974 0.0714448 
13.0335 0.0734005 
13.0695 0.0766323 
13.1055 0.0809214 
13.1416 0.0860279 
13.1776 0.0917017 
13.2136 0.0976949 
13.2496 0.10377 
13.2857 0.109708 
13.3217 0.115313 
13.3577 0.120416 
13.3938 0.124875 
13.4298 0.128577 
13.4658 0.131434 
13.5018 0.133385 
13.5379 0.134391 
13.5739 0.134436 
13.6099 0.133521 
13.646 0.131668 
13.682 0.128911 
13.718 0.125303 
13.754 0.120909 
13.7901 0.115805 
13.8261 0.110082 
13.8621 0.10384 
13.8982 0.097189 
13.9342 0.0902479 
13.9702 0.0831422 
14.0062 0.0760027 
14.0423 0.0689625 
14.0783 0.0621548 
14.1143 0.0557091 
14.1504 0.0497487 
14.1864 0.0443862 
14.2224 0.0397207 
14.2585 0.0358341 
14.2945 0.0327883 
14.3305 0.0306233 
14.3665 0.0293554 
14.4026 0.0289771 
14.4386 0.0294576 
14.4746 0.0307439 
14.5107 0.0327637 
14.5467 0.0354283 
14.5827 0.0386357 
14.6187 0.0422748 
14.6548 0.0462293 
14.6908 0.050381 
14.7268 0.0546134 
14.7629 0.0588144 
14.7989 0.0628793 
14.8349 0.0667118 
14.8709 0.0702263 
14.907 0.0733483 
14.943 0.0760151 
14.979 0.078176 
15.0151 0.0797925 
15.0511 0.0808375 
15.0871 0.0812956 
15.1231 0.0811621 
15.1592 0.0804431 
15.1952 0.079154 
15.2312 0.0773201 
15.2673 0.0749752 
15.3033 0.0721613 
15.3393 0.0689281 
15.3753 0.065332 
15.4114 0.0614357 
15.4474 0.057307 
15.4834 0.0530181 
15.5195 0.0486444 
15.5555 0.0442632 
15.5915 0.0399523 
15.6275 0.0357884 
15.6636 0.0318458 
15.6996 0.0281945 
15.7356 0.0248985 
15.7717 0.0220141 
15.8077 0.0195889 
15.8437 0.01766 
15.8797 0.0162534 
15.9158 0.0153829 
15.9518 0.0150501 
15.9878 0.0152445 
16.0239 0.0159437 
16.0599 0.0171146 
16.0959 0.0187139 
16.1319 0.0206903 
16.168 0.0229855 
16.204 0.0255362 
16.24 0.0282757 
16.2761 0.0311357 
16.3121 0.0340479 
16.3481 0.0369459 
16.3842 0.0397658 
16.4202 0.0424479 
16.4562 0.0449376 
16.4922 0.0471861 
16.5283 0.0491507 
16.5643 0.0507957 
16.6003 0.0520924 
16.6364 0.0530191 
16.6724 0.0535614 
16.7084 0.0537118 
16.7444 0.0534698 
16.7805 0.0528417 
16.8165 0.0518401 
16.8525 0.0504838 
16.8886 0.0487975 
16.9246 0.0468109 
16.9606 0.044559 
16.9966 0.042081 
17.0327 0.0394197 
17.0687 0.0366212 
17.1047 0.033734 
17.1408 0.0308081 
17.1768 0.0278944 
17.2128 0.0250433 
17.2488 0.0223044 
17.2849 0.0197249 
17.3209 0.017349 
17.3569 0.0152167 
17.393 0.0133632 
17.429 0.0118179 
17.465 0.0106037 
17.501 0.00973635 
17.5371 0.00922462 
17.5731 0.00906958 
17.6091 0.0092649 
17.6452 0.00979705 
17.6812 0.0106457 
17.7172 0.0117845 
17.7532 0.0131814 
17.7893 0.0148001 
17.8253 0.0166004 
17.8613 0.0185397 
17.8974 0.0205737 
17.9334 0.0226575 
17.9694 0.0247465 
18.0054 0.0267975 
18.0415 0.028769 
18.0775 0.0306224 
18.1135 0.0323224 
18.1496 0.0338374 
18.1856 0.0351402 
18.2216 0.0362079 
18.2577 0.0370225 
18.2937 0.0375706 
18.3297 0.0378439 
18.3657 0.037839 
18.4018 0.0375573 
18.4378 0.0370048 
18.4738 0.0361921 
18.5099 0.0351341 
18.5459 0.0338498 
18.5819 0.0323617 
18.6179 0.0306959 
18.654 0.0288812 
18.69 0.026949 
18.726 0.0249326 
18.7621 0.0228668 
18.7981 0.0207872 
18.8341 0.0187293 
18.8701 0.0167286 
18.9062 0.0148193 
18.9422 0.0130336 
18.9782 0.0114017 
19.0143 0.0099504 
19.0503 0.00870319 
19.0863 0.00767931 
19.1223 0.0068936 
19.1584 0.00635607 
19.1944 0.00607176 
19.2304 0.00604067 
19.2665 0.00625775 
19.3025 0.00671313 
19.3385 0.00739235 
19.3745 0.00827678 
